id,umkm_id,type,amount,note,occurred_at,product_name
TRX001,UMKM001,income,105000.0,Pembayaran tunai,2023-03-21 18:43:51,Jasa Packing Barang
TRX002,UMKM001,income,1907000.0,,2024-01-15 18:43:51,
TRX003,UMKM001,income,856000.0,,2024-04-03 18:43:51,Tune Up Mobil
TRX004,UMKM001,income,1262000.0,Transfer BRI,2023-04-13 18:43:51,Pengiriman Barang Kota
TRX005,UMKM001,expense,1205000.0,,2023-06-18 18:43:51,Jasa Packing Barang
TRX006,UMKM001,income,1407000.0,Transfer BCA,2023-12-22 18:43:51,Ganti Oli Motor
TRX007,UMKM002,income,211000.0,,2023-04-27 13:09:54,Seminar Nasional
TRX008,UMKM002,expense,443000.0,Tunai,2022-04-27 13:09:54,
TRX009,UMKM002,income,2732000.0,Pembayaran tunai,2023-02-04 13:09:54,Event Launching Produk
TRX010,UMKM002,expense,1855000.0,Transfer BNI,2022-06-22 13:09:54,Penulisan Artikel SEO
TRX011,UMKM002,income,655000.0,Dana,2023-05-10 13:09:54,Event Launching Produk
TRX012,UMKM003,expense,458000.0,Tunai,2024-01-14 08:21:40,Omega 3 Kapsul
TRX013,UMKM003,income,251000.0,Dana,2023-07-24 08:21:40,Kalsium Tablet
TRX014,UMKM003,income,108000.0,Transfer BRI,2023-07-08 08:21:40,Kalsium Tablet
TRX015,UMKM003,expense,40000.0,,2024-08-27 08:21:40,Vitamin C 1000mg
TRX016,UMKM004,expense,316000.0,Transfer Mandiri,2025-09-20 01:56:29,Slip On Polos
TRX017,UMKM004,income,438000.0,,2024-06-12 01:56:29,Celana Panjang Pria
TRX018,UMKM004,expense,385000.0,Transfer BNI,2024-12-21 01:56:29,
TRX019,UMKM004,expense,266000.0,Transfer Mandiri,2025-02-09 01:56:29,Dompet Wanita
TRX020,UMKM004,income,515000.0,Gopay,2025-04-23 01:56:29,Celana Chino Pria
TRX021,UMKM004,income,384000.0,,2025-05-13 01:56:29,Kemeja Pria Casual
TRX022,UMKM004,income,395000.0,OVO,2024-01-12 01:56:29,Kemeja Pria Casual
TRX023,UMKM004,expense,829000.0,Transfer BNI,2025-01-18 01:56:29,Kalung Emas Muda
TRX024,UMKM004,income,950000.0,,2023-12-03 01:56:29,Jaket Bomber Pria
TRX032,UMKM006,expense,435000.0,Transfer Mandiri,2023-01-28 08:23:03,Seminar Nasional
TRX033,UMKM006,income,2026000.0,Dana,2023-07-09 08:23:03,Desain Feed Instagram
TRX034,UMKM006,income,179000.0,Transfer BRI,2023-09-15 08:23:03,
TRX035,UMKM006,expense,2309000.0,Tunai,2023-06-01 08:23:03,Desain Banner
TRX036,UMKM006,income,313000.0,Gopay,2023-11-26 08:23:03,Desain Feed Instagram
TRX037,UMKM006,income,1533000.0,Transfer BCA,2023-06-15 08:23:03,Data Entry
TRX038,UMKM006,income,1018000.0,OVO,2022-03-31 08:23:03,Desain Feed Instagram
TRX039,UMKM007,expense,347000.0,,2022-12-23 21:31:04,Nebulizer
TRX040,UMKM007,expense,50000.0,Tunai,2022-06-07 21:31:04,Facial Wajah
TRX041,UMKM007,income,414000.0,Dana,2022-02-15 21:31:04,Cek Gula Darah
TRX042,UMKM007,expense,348000.0,Cash,2021-05-04 21:31:04,Jamu Beras Kencur
TRX043,UMKM008,expense,1159000.0,Transfer Mandiri,2021-06-18 19:41:24,
TRX044,UMKM008,expense,1008000.0,Cash,2022-01-21 19:41:24,Sewa Gedung Event
TRX045,UMKM009,expense,556000.0,Transfer BNI,2023-10-04 07:17:31,Kursus Python Pemula
TRX046,UMKM009,income,458000.0,OVO,2022-06-27 07:17:31,Kursus Python Pemula
TRX047,UMKM009,income,91000.0,Pembayaran tunai,2023-03-10 07:17:31,Kursus Python Pemula
TRX048,UMKM009,expense,1322000.0,Cash,2023-01-27 07:17:31,Kursus Memasak
TRX049,UMKM009,income,362000.0,Gopay,2022-04-29 07:17:31,Buku TOEFL
TRX050,UMKM009,expense,538000.0,Cash,2021-12-22 07:17:31,Bimbel Bahasa Inggris
TRX051,UMKM010,income,617000.0,Transfer BRI,2022-09-07 22:38:20,Desain Feed Instagram
TRX052,UMKM010,income,2039000.0,Gopay,2023-03-01 22:38:20,Desain Undangan
TRX053,UMKM010,expense,2842000.0,Cash,2023-05-15 22:38:20,Editing Video
TRX054,UMKM010,income,568000.0,Transfer BRI,2023-08-01 22:38:20,Desain Feed Instagram
TRX055,UMKM010,expense,2410000.0,Transfer Mandiri,2023-01-01 22:38:20,Servis Mesin Cuci
TRX056,UMKM010,expense,992000.0,Transfer Mandiri,2023-02-09 22:38:20,Desain Banner
TRX057,UMKM010,income,2004000.0,Dana,2023-04-14 22:38:20,Desain Feed Instagram
TRX058,UMKM010,income,2965000.0,Dana,2022-01-14 22:38:20,Desain Undangan
TRX059,UMKM010,income,1149000.0,Dana,2023-02-15 22:38:20,Desain Undangan
TRX060,UMKM010,expense,1610000.0,Transfer BNI,2022-04-27 22:38:20,Desain Banner
TRX061,UMKM011,expense,90000.0,,2024-10-31 02:56:43,Paket Prasmanan
TRX062,UMKM011,income,63000.0,Transfer BCA,2024-10-13 02:56:43,Pecel Lele
TRX063,UMKM011,income,88000.0,Transfer BRI,2023-10-22 02:56:43,Pudding Coklat
TRX064,UMKM011,income,164000.0,,2025-02-27 02:56:43,Pecel Lele
TRX065,UMKM011,expense,60000.0,Cash,2023-11-21 02:56:43,Jus Alpukat
TRX066,UMKM011,income,18000.0,Transfer BRI,2024-10-16 02:56:43,Pudding Coklat
TRX067,UMKM011,expense,164000.0,Cash,2024-03-14 02:56:43,Paket Nasi Box
TRX068,UMKM011,income,299000.0,Pembayaran tunai,2024-01-26 02:56:43,Pudding Coklat
TRX069,UMKM011,income,197000.0,Transfer BRI,2024-07-16 02:56:43,Pudding Coklat
TRX070,UMKM011,income,208000.0,,2025-02-21 02:56:43,Pudding Coklat
TRX071,UMKM012,expense,111000.0,,2022-03-13 21:22:52,Ubi Jalar
TRX072,UMKM012,expense,48000.0,Cash,2021-11-01 21:22:52,Cangkul Baja
TRX073,UMKM012,expense,134000.0,,2022-02-19 21:22:52,Selai Nanas
TRX074,UMKM012,expense,62000.0,Cash,2022-12-16 21:22:52,Singkong Segar
TRX075,UMKM012,income,164000.0,,2021-12-03 21:22:52,Bibit Cabai Rawit
TRX076,UMKM013,expense,1451000.0,Transfer Mandiri,2022-02-25 10:20:14,Buku Motivasi
TRX077,UMKM013,income,1279000.0,,2022-08-29 10:20:14,Kursus Editing Video
TRX078,UMKM013,expense,297000.0,Tunai,2022-07-10 10:20:14,Les Privat Matematika
TRX079,UMKM013,expense,1209000.0,,2023-07-06 10:20:14,Kursus Menjahit
TRX080,UMKM013,income,134000.0,Transfer BRI,2023-07-19 10:20:14,Kursus Editing Video
TRX081,UMKM013,expense,761000.0,Tunai,2023-03-15 10:20:14,Buku Resep Masakan
TRX082,UMKM013,expense,1141000.0,Cash,2023-01-08 10:20:14,Les Piano
TRX083,UMKM014,expense,927000.0,Cash,2023-10-02 17:09:54,
TRX084,UMKM014,income,1404000.0,,2023-12-20 17:09:54,Bimbel Bahasa Inggris
TRX085,UMKM014,income,808000.0,Pembayaran tunai,2023-02-01 17:09:54,
TRX086,UMKM014,expense,191000.0,Transfer Mandiri,2023-02-14 17:09:54,Kursus Menjahit
TRX087,UMKM014,income,1086000.0,OVO,2023-11-14 17:09:54,Bimbel SBMPTN
TRX088,UMKM014,expense,1376000.0,-,2023-02-27 17:09:54,Bimbel Bahasa Inggris
TRX089,UMKM014,income,748000.0,,2024-07-07 17:09:54,Pelatihan Sales
TRX090,UMKM015,income,203000.0,OVO,2024-09-09 09:45:22,Aplikasi Kasir UMKM
TRX091,UMKM015,expense,3541000.0,Transfer Mandiri,2025-04-17 09:45:22,Platform E-commerce
TRX092,UMKM015,income,4115000.0,,2024-02-29 09:45:22,Instalasi CCTV
TRX093,UMKM015,income,964000.0,Transfer BCA,2024-04-10 09:45:22,Instalasi CCTV
TRX094,UMKM015,income,3651000.0,Dana,2024-07-02 09:45:22,Instalasi CCTV
TRX095,UMKM016,expense,195000.0,-,2023-07-15 03:42:17,Pupuk NPK Mutiara
TRX096,UMKM016,income,245000.0,OVO,2024-08-15 03:42:17,
TRX097,UMKM016,expense,88000.0,Tunai,2023-11-12 03:42:17,Traktor Mini
TRX098,UMKM016,income,232000.0,Dana,2025-03-26 03:42:17,Tepung Mocaf
TRX099,UMKM016,income,100000.0,Transfer BRI,2025-03-09 03:42:17,
TRX100,UMKM016,income,277000.0,,2024-03-16 03:42:17,Bibit Semangka
TRX101,UMKM016,expense,148000.0,Tunai,2025-01-30 03:42:17,Bibit Padi Ciherang
TRX122,UMKM018,income,968000.0,Transfer BRI,2023-08-23 03:51:19,Editing Video
TRX123,UMKM018,expense,1553000.0,Transfer Mandiri,2023-01-21 03:51:19,Desain Feed Instagram
TRX124,UMKM018,expense,1158000.0,Transfer BNI,2022-07-25 03:51:19,Servis AC Split
TRX125,UMKM018,expense,1494000.0,Tunai,2022-07-01 03:51:19,Paket Pernikahan
TRX126,UMKM018,expense,1245000.0,,2023-05-05 03:51:19,Paket Ulang Tahun
TRX127,UMKM018,income,2541000.0,Transfer BRI,2022-07-11 03:51:19,Konsultasi Hukum
TRX128,UMKM019,expense,384000.0,Tunai,2024-01-07 08:52:51,Anting Resin
TRX129,UMKM019,income,475000.0,,2024-03-19 08:52:51,Bando Kain
TRX130,UMKM019,income,166000.0,OVO,2023-09-22 08:52:51,Bando Kain
TRX131,UMKM019,income,309000.0,-,2024-07-06 08:52:51,Bando Kain
TRX132,UMKM019,income,30000.0,Transfer BCA,2025-04-14 08:52:51,Bando Kain
TRX133,UMKM019,income,289000.0,Transfer BCA,2025-02-08 08:52:51,Lampu Rotan
TRX134,UMKM020,income,102000.0,Dana,2023-06-17 20:31:07,Paket Prasmanan
TRX135,UMKM020,income,48000.0,,2023-05-04 20:31:07,Es Teh Manis
TRX136,UMKM020,income,128000.0,Transfer BRI,2023-03-31 20:31:07,Es Teh Manis
TRX137,UMKM020,income,213000.0,Pembayaran tunai,2022-12-24 20:31:07,Catering Kantor
TRX138,UMKM020,income,255000.0,,2024-02-18 20:31:07,Es Teh Manis
TRX139,UMKM020,income,289000.0,Pembayaran tunai,2023-11-17 20:31:07,
TRX140,UMKM020,income,128000.0,Transfer BRI,2024-04-17 20:31:07,Es Teh Manis
TRX141,UMKM020,expense,248000.0,Tunai,2022-09-11 20:31:07,Lontong Sayur
TRX142,UMKM020,income,256000.0,OVO,2024-05-01 20:31:07,Es Teh Manis
TRX143,UMKM020,income,234000.0,Transfer BCA,2022-09-28 20:31:07,Catering Pernikahan
TRX144,UMKM020,income,13000.0,-,2022-09-06 20:31:07,Paket Prasmanan
TRX145,UMKM020,income,52000.0,Pembayaran tunai,2022-09-15 20:31:07,Paket Prasmanan
TRX146,UMKM020,income,155000.0,,2024-04-01 20:31:07,Catering Pernikahan
TRX147,UMKM020,income,118000.0,Gopay,2024-03-08 20:31:07,Es Teh Manis
TRX148,UMKM020,expense,212000.0,Transfer BNI,2022-08-29 20:31:07,Rendang Padang
TRX149,UMKM020,income,129000.0,,2023-04-13 20:31:07,Es Teh Manis
TRX150,UMKM020,expense,161000.0,,2023-08-14 20:31:07,Opak Angin
TRX151,UMKM020,income,193000.0,Dana,2023-01-30 20:31:07,
TRX152,UMKM021,expense,3976000.0,Transfer BNI,2022-01-10 21:19:18,App Mobile Android
TRX153,UMKM021,income,4634000.0,Dana,2022-03-04 21:19:18,Aplikasi Absensi
TRX154,UMKM021,income,4449000.0,Dana,2022-03-29 21:19:18,Aplikasi Inventory
TRX155,UMKM021,expense,2916000.0,Cash,2021-09-07 21:19:18,Aplikasi Absensi
TRX156,UMKM022,income,485000.0,Gopay,2024-01-01 16:57:27,Polo Shirt Pria
TRX157,UMKM022,income,813000.0,OVO,2024-02-17 16:57:27,Atasan Motif
TRX158,UMKM022,expense,613000.0,Tunai,2022-10-04 16:57:27,Setelan Anak Lucu
TRX159,UMKM022,income,388000.0,Gopay,2022-07-12 16:57:27,
TRX160,UMKM022,income,410000.0,Gopay,2022-07-14 16:57:27,Tunik Polos
TRX161,UMKM022,expense,769000.0,Cash,2023-08-18 16:57:27,Gamis Syari
TRX162,UMKM022,income,514000.0,Dana,2023-01-23 16:57:27,Anting Mutiara
TRX163,UMKM022,expense,327000.0,Transfer BNI,2024-01-30 16:57:27,
TRX164,UMKM022,expense,363000.0,Transfer Mandiri,2022-10-01 16:57:27,Ikat Pinggang Pria
TRX165,UMKM023,income,564000.0,-,2022-04-20 01:23:31,Driver Harian
TRX166,UMKM023,expense,522000.0,,2022-12-25 01:23:31,
TRX167,UMKM023,income,297000.0,Gopay,2022-04-24 01:23:31,Paket Umroh
TRX168,UMKM023,expense,1527000.0,,2022-11-22 01:23:31,Last Mile Delivery
TRX169,UMKM023,expense,444000.0,Transfer BNI,2023-01-26 01:23:31,
TRX170,UMKM023,income,696000.0,OVO,2022-11-07 01:23:31,Antar Jemput Sekolah
TRX171,UMKM024,expense,589000.0,Tunai,2021-11-23 08:41:30,Desain Banner
TRX172,UMKM024,expense,2294000.0,Tunai,2022-05-30 08:41:30,Desain Feed Instagram
TRX173,UMKM024,income,2926000.0,Gopay,2023-05-10 08:41:30,Konsultasi Hukum
TRX174,UMKM024,income,858000.0,Transfer BCA,2022-11-05 08:41:30,Konsultasi Hukum
TRX175,UMKM024,income,884000.0,OVO,2021-09-02 08:41:30,Konsultasi Hukum
TRX176,UMKM024,expense,986000.0,Transfer Mandiri,2021-09-23 08:41:30,Servis AC Split
TRX177,UMKM024,expense,2083000.0,,2022-10-18 08:41:30,Paket Pernikahan
TRX178,UMKM024,income,1232000.0,Transfer BCA,2021-07-28 08:41:30,Konsultasi Bisnis
TRX179,UMKM024,income,2514000.0,,2022-03-01 08:41:30,Konsultasi Pajak
TRX180,UMKM025,income,1606000.0,Pembayaran tunai,2023-06-22 17:06:16,Sewa Pickup
TRX181,UMKM025,expense,1124000.0,Cash,2024-04-03 17:06:16,Sewa Minibus
TRX182,UMKM025,expense,1272000.0,,2023-06-21 17:06:16,Sewa Mobil Harian
TRX183,UMKM025,income,629000.0,Gopay,2025-02-07 17:06:16,Sewa Motor Harian
TRX184,UMKM025,income,255000.0,Transfer BRI,2024-05-03 17:06:16,Sewa Truk
TRX185,UMKM026,expense,895000.0,Transfer BNI,2025-10-29 16:07:46,Desain Feed Instagram
TRX186,UMKM026,income,1313000.0,,2025-01-01 16:07:46,Konsultasi Keuangan
TRX187,UMKM026,income,1031000.0,,2024-04-26 16:07:46,Konsultasi Keuangan
TRX188,UMKM026,expense,1578000.0,Transfer Mandiri,2024-09-20 16:07:46,Konsultasi Hukum
TRX189,UMKM026,expense,834000.0,Transfer BNI,2025-07-02 16:07:46,Servis Laptop
TRX208,UMKM028,income,184000.0,Dana,2022-11-13 11:03:30,Selai Nanas
TRX209,UMKM028,expense,104000.0,Tunai,2021-05-03 11:03:30,Selai Nanas
TRX210,UMKM028,income,36000.0,Gopay,2022-02-21 11:03:30,Selai Nanas
TRX211,UMKM028,income,139000.0,Transfer BRI,2021-09-29 11:03:30,Selai Nanas
TRX212,UMKM029,expense,4013000.0,,2022-09-12 06:48:50,Smart Lock Pintu
TRX213,UMKM029,income,1034000.0,,2023-03-31 06:48:50,Setup Server
TRX214,UMKM029,expense,635000.0,Transfer Mandiri,2023-01-04 06:48:50,Kamera IP CCTV
TRX215,UMKM029,expense,3382000.0,Transfer BNI,2022-02-03 06:48:50,Platform E-commerce
TRX216,UMKM029,income,4128000.0,Dana,2023-02-13 06:48:50,Instalasi CCTV
TRX217,UMKM029,income,706000.0,Transfer BCA,2022-04-02 06:48:50,Aplikasi Absensi
TRX218,UMKM030,income,320000.0,Transfer BCA,2023-07-13 07:16:01,
TRX219,UMKM030,expense,347000.0,Cash,2023-04-06 07:16:01,
TRX220,UMKM030,income,376000.0,Pembayaran tunai,2023-05-25 07:16:01,Miniatur Rumah Kayu
TRX221,UMKM030,income,52000.0,,2022-12-28 07:16:01,Miniatur Rumah Kayu
TRX222,UMKM030,income,102000.0,,2023-06-13 07:16:01,Miniatur Rumah Kayu
TRX223,UMKM031,income,711000.0,,2024-08-03 16:05:53,Gathering Perusahaan
TRX224,UMKM031,expense,2405000.0,Transfer Mandiri,2023-11-23 16:05:53,Seminar Nasional
TRX225,UMKM031,income,1344000.0,Dana,2024-01-30 16:05:53,Gathering Perusahaan
TRX226,UMKM031,income,448000.0,Pembayaran tunai,2023-07-18 16:05:53,Gathering Perusahaan
TRX227,UMKM031,income,1116000.0,Transfer BCA,2024-02-21 16:05:53,Event Launching Produk
TRX228,UMKM031,income,585000.0,Dana,2023-06-30 16:05:53,Paket Pernikahan
TRX229,UMKM031,expense,2385000.0,Transfer BNI,2024-01-05 16:05:53,Konsultasi Hukum
TRX230,UMKM031,income,1804000.0,Dana,2024-06-25 16:05:53,Gathering Perusahaan
TRX231,UMKM032,income,4983000.0,OVO,2023-08-30 11:35:37,Aplikasi Absensi
TRX232,UMKM032,expense,1948000.0,Tunai,2022-11-25 11:35:37,
TRX233,UMKM032,expense,4380000.0,,2023-07-12 11:35:37,
TRX234,UMKM032,income,3216000.0,Dana,2023-03-13 11:35:37,App Mobile Android
TRX235,UMKM033,income,255000.0,Transfer BCA,2024-09-10 16:39:27,Gelang Manik Handmade
TRX236,UMKM033,income,490000.0,Pembayaran tunai,2025-08-24 16:39:27,Gelang Manik Handmade
TRX237,UMKM033,expense,251000.0,,2025-03-28 16:39:27,Kursi Pallet Bekas
TRX238,UMKM033,income,177000.0,,2025-08-04 16:39:27,Gelang Manik Handmade
TRX239,UMKM033,expense,465000.0,Tunai,2024-09-13 16:39:27,Tumbler Sablon
TRX240,UMKM033,expense,326000.0,Tunai,2024-03-22 16:39:27,Miniatur Rumah Kayu
TRX241,UMKM034,expense,3612000.0,,2021-10-21 03:38:53,Laptop Refurbished
TRX242,UMKM034,expense,2601000.0,,2022-07-04 03:38:53,App Mobile Android
TRX243,UMKM034,income,4758000.0,Transfer BRI,2021-06-07 03:38:53,Software Akuntansi
TRX244,UMKM034,expense,593000.0,Cash,2022-04-14 03:38:53,PC Rakitan
TRX245,UMKM034,income,912000.0,OVO,2023-02-05 03:38:53,Software Akuntansi
TRX246,UMKM034,expense,1802000.0,Cash,2022-09-09 03:38:53,PC Rakitan
TRX247,UMKM034,expense,1828000.0,Transfer Mandiri,2021-12-26 03:38:53,Pembuatan Website
TRX248,UMKM034,income,2267000.0,Transfer BCA,2021-12-12 03:38:53,App Pemesanan Online
TRX249,UMKM035,income,726000.0,,2023-05-27 02:07:04,Kalung Emas Muda
TRX250,UMKM035,expense,133000.0,Transfer Mandiri,2022-09-24 02:07:04,Celana Panjang Pria
TRX251,UMKM035,income,210000.0,Transfer BCA,2023-02-15 02:07:04,Kalung Emas Muda
TRX252,UMKM035,expense,295000.0,,2023-03-20 02:07:04,
TRX253,UMKM035,income,227000.0,,2022-08-24 02:07:04,Tas Kulit Mini
TRX254,UMKM035,expense,615000.0,Cash,2023-01-13 02:07:04,Gamis Syari
TRX255,UMKM035,expense,126000.0,Cash,2022-12-05 02:07:04,Celana Pendek Anak
TRX256,UMKM035,expense,210000.0,,2024-03-06 02:07:04,Sandal Casual
TRX257,UMKM035,income,52000.0,Dana,2023-10-05 02:07:04,Kalung Emas Muda
TRX258,UMKM035,income,468000.0,Pembayaran tunai,2023-12-10 02:07:04,Kalung Emas Muda
TRX259,UMKM036,expense,7881000.0,Tunai,2024-11-08 21:31:31,Kost Eksklusif
TRX260,UMKM036,expense,8199000.0,,2024-11-07 21:31:31,Cat Ulang Rumah
TRX261,UMKM036,income,5271000.0,Pembayaran tunai,2023-11-14 21:31:31,Kost Harian
TRX262,UMKM037,income,116000.0,OVO,2023-01-04 02:33:08,Bimbel UN SD
TRX263,UMKM037,income,524000.0,,2021-11-02 02:33:08,Workshop Fotografi
TRX264,UMKM037,income,640000.0,,2022-11-20 02:33:08,Kursus Desain Canva
TRX265,UMKM037,expense,1497000.0,,2021-07-27 02:33:08,Les Piano
TRX266,UMKM037,income,629000.0,Gopay,2021-07-21 02:33:08,
TRX267,UMKM037,income,1489000.0,Transfer BRI,2021-11-28 02:33:08,Kursus Desain Canva
TRX268,UMKM038,expense,465000.0,Transfer Mandiri,2023-12-28 01:43:25,Gantungan Kunci Custom
TRX269,UMKM038,income,257000.0,Transfer BCA,2024-08-27 01:43:25,Kotak Perhiasan Kayu
TRX270,UMKM038,income,61000.0,OVO,2024-02-24 01:43:25,Vas Bunga Keramik
TRX271,UMKM038,expense,376000.0,Tunai,2024-04-14 01:43:25,Gantungan Kunci Custom
TRX272,UMKM038,expense,144000.0,Cash,2025-04-26 01:43:25,Cermin Ukir
TRX273,UMKM038,expense,498000.0,,2025-05-03 01:43:25,Kaos Souvenir
TRX274,UMKM038,expense,160000.0,,2024-09-20 01:43:25,Lampu Botol Kaca
TRX275,UMKM039,expense,856000.0,Transfer Mandiri,2023-10-15 04:51:58,
TRX276,UMKM039,expense,860000.0,,2022-07-30 04:51:58,
TRX277,UMKM039,income,690000.0,Transfer BRI,2023-05-07 04:51:58,Rok Midi
TRX278,UMKM039,expense,653000.0,Transfer BNI,2022-08-16 04:51:58,
TRX279,UMKM039,income,727000.0,Transfer BRI,2022-06-29 04:51:58,Gamis Syari
TRX280,UMKM039,expense,873000.0,Transfer Mandiri,2022-10-04 04:51:58,Polo Shirt Pria
TRX281,UMKM039,income,252000.0,,2022-11-20 04:51:58,Celana Chino Pria
TRX282,UMKM039,income,485000.0,,2023-03-03 04:51:58,Celana Chino Pria
TRX283,UMKM039,income,167000.0,Transfer BCA,2023-01-24 04:51:58,Celana Chino Pria
TRX284,UMKM039,income,607000.0,Transfer BRI,2023-02-21 04:51:58,Gamis Syari
TRX285,UMKM039,expense,280000.0,Transfer Mandiri,2022-11-27 04:51:58,Sandal Casual
TRX286,UMKM040,income,86000.0,,2022-11-23 02:05:10,Pupuk Organik Cair
TRX287,UMKM040,income,146000.0,Gopay,2021-09-30 02:05:10,Pupuk Organik Cair
TRX288,UMKM040,expense,82000.0,Tunai,2023-03-15 02:05:10,Jagung Pipil Kering
TRX289,UMKM040,income,46000.0,Transfer BRI,2021-12-03 02:05:10,Pupuk Organik Cair
TRX290,UMKM040,expense,40000.0,,2022-04-06 02:05:10,Bibit Jagung Hibrida
TRX291,UMKM040,expense,94000.0,Tunai,2021-05-06 02:05:10,Bibit Cabai Rawit
TRX292,UMKM041,income,420000.0,Transfer BCA,2024-07-26 19:56:29,Paket Spa Relaksasi
TRX293,UMKM041,income,172000.0,,2024-03-04 19:56:29,Paket Spa Relaksasi
TRX294,UMKM041,expense,319000.0,,2023-03-21 19:56:29,Fisioterapi
TRX295,UMKM041,income,398000.0,Gopay,2024-08-23 19:56:29,Paket Spa Relaksasi
TRX296,UMKM042,expense,296000.0,,2023-09-22 08:32:41,Kopi Susu
TRX297,UMKM042,income,152000.0,Transfer BRI,2024-01-04 08:32:41,Jus Alpukat
TRX298,UMKM042,income,229000.0,Transfer BRI,2024-03-06 08:32:41,Risol Mayo
TRX299,UMKM042,income,68000.0,,2023-10-18 08:32:41,Bolu Kukus
TRX300,UMKM042,income,244000.0,,2024-02-16 08:32:41,Rendang Padang
TRX301,UMKM042,expense,160000.0,Transfer Mandiri,2024-02-29 08:32:41,Kue Cubit
TRX302,UMKM042,income,211000.0,,2024-02-18 08:32:41,Pecel Lele
TRX303,UMKM042,expense,144000.0,,2023-10-16 08:32:41,Makaroni Goreng
TRX304,UMKM042,expense,261000.0,Cash,2024-04-19 08:32:41,Pudding Coklat
TRX305,UMKM042,income,281000.0,Transfer BCA,2023-09-27 08:32:41,Kopi Susu
TRX306,UMKM042,expense,257000.0,,2024-11-07 08:32:41,Es Campur
TRX307,UMKM042,income,229000.0,Dana,2023-10-24 08:32:41,
TRX308,UMKM042,income,46000.0,Pembayaran tunai,2024-09-11 08:32:41,Risol Mayo
TRX309,UMKM042,expense,25000.0,Transfer Mandiri,2024-12-09 08:32:41,Kopi Susu
TRX310,UMKM042,income,226000.0,Gopay,2024-04-05 08:32:41,Pecel Lele
TRX311,UMKM042,income,170000.0,Transfer BCA,2023-06-22 08:32:41,Pecel Lele
TRX312,UMKM042,income,133000.0,Gopay,2025-04-23 08:32:41,Es Teh Manis
TRX313,UMKM042,expense,18000.0,Tunai,2024-10-10 08:32:41,
TRX314,UMKM042,expense,51000.0,Transfer Mandiri,2025-01-12 08:32:41,Es Campur
TRX315,UMKM043,income,1975000.0,Transfer BRI,2021-06-29 20:24:54,Aplikasi Kasir UMKM
TRX316,UMKM043,expense,4812000.0,,2022-12-20 20:24:54,Scanner Barcode
TRX317,UMKM043,income,4909000.0,Gopay,2022-11-14 20:24:54,Aplikasi Kasir UMKM
TRX318,UMKM043,expense,269000.0,Transfer BNI,2021-12-22 20:24:54,Maintenance Jaringan
TRX319,UMKM044,expense,1616000.0,Transfer Mandiri,2021-07-12 21:26:30,
TRX320,UMKM044,income,1426000.0,Dana,2022-11-24 21:26:30,Paket Umroh
TRX321,UMKM044,income,1732000.0,,2022-09-06 21:26:30,Paket Umroh
TRX322,UMKM044,expense,601000.0,Cash,2022-09-11 21:26:30,Pengiriman Barang Kota
TRX323,UMKM044,income,1230000.0,OVO,2022-10-21 21:26:30,Paket Umroh
TRX324,UMKM044,expense,132000.0,Cash,2022-04-03 21:26:30,Sewa Minibus
TRX325,UMKM044,income,1612000.0,Transfer BRI,2021-09-01 21:26:30,
TRX326,UMKM044,income,1598000.0,Dana,2022-06-12 21:26:30,Paket Umroh
TRX327,UMKM045,income,94000.0,Gopay,2023-02-04 08:37:27,Snack Box Meeting
TRX328,UMKM045,expense,245000.0,Transfer Mandiri,2022-02-23 08:37:27,Bolu Kukus
TRX329,UMKM045,income,270000.0,Gopay,2022-07-27 08:37:27,Snack Box Meeting
TRX330,UMKM045,income,231000.0,Gopay,2023-03-05 08:37:27,Snack Box Meeting
TRX331,UMKM045,expense,147000.0,,2021-08-29 08:37:27,Wedang Jahe
TRX332,UMKM045,expense,97000.0,Cash,2022-11-03 08:37:27,Es Boba
TRX333,UMKM045,income,228000.0,OVO,2022-11-05 08:37:27,Snack Box Meeting
TRX334,UMKM045,income,256000.0,Transfer BCA,2022-05-29 08:37:27,Snack Box Meeting
TRX335,UMKM045,income,51000.0,Dana,2022-01-31 08:37:27,Snack Box Meeting
TRX336,UMKM045,expense,245000.0,,2022-04-29 08:37:27,Keripik Singkong Pedas
TRX337,UMKM045,income,183000.0,,2022-12-09 08:37:27,Snack Box Meeting
TRX338,UMKM045,income,214000.0,,2022-10-03 08:37:27,Snack Box Meeting
TRX339,UMKM046,income,732000.0,,2021-04-29 13:45:52,Kursus Python Pemula
TRX340,UMKM046,income,707000.0,Gopay,2022-12-22 13:45:52,Kursus Python Pemula
TRX341,UMKM046,expense,1422000.0,,2021-11-20 13:45:52,Buku TOEFL
TRX342,UMKM046,expense,264000.0,Cash,2021-07-25 13:45:52,Pelatihan Sales
TRX343,UMKM047,income,92000.0,Transfer BRI,2024-05-11 23:02:19,Bibit Cabai Rawit
TRX344,UMKM047,expense,178000.0,,2023-07-11 23:02:19,Pupuk Urea 50kg
TRX345,UMKM047,expense,220000.0,Tunai,2024-09-15 23:02:19,
TRX346,UMKM047,income,263000.0,Transfer BCA,2024-01-21 23:02:19,Bibit Cabai Rawit
TRX347,UMKM047,expense,157000.0,Cash,2024-01-13 23:02:19,
TRX348,UMKM047,income,215000.0,Gopay,2023-12-21 23:02:19,Beras Premium 5kg
TRX349,UMKM047,expense,291000.0,Tunai,2023-11-25 23:02:19,Ubi Jalar
TRX370,UMKM049,income,119000.0,Transfer BCA,2023-06-20 01:37:24,Multivitamin Anak
TRX371,UMKM049,expense,151000.0,Transfer BNI,2023-07-20 01:37:24,Fisioterapi
TRX372,UMKM049,expense,296000.0,,2023-08-23 01:37:24,Refleksi Kaki
TRX373,UMKM050,expense,72000.0,Transfer BNI,2024-06-10 06:34:03,Teh Tarik
TRX374,UMKM050,income,152000.0,,2023-01-13 06:34:03,
TRX375,UMKM050,expense,229000.0,Transfer BNI,2023-09-26 06:34:03,Mie Ayam Pangsit
TRX376,UMKM050,expense,253000.0,,2024-06-02 06:34:03,Catering Pernikahan
TRX377,UMKM050,income,67000.0,Gopay,2024-10-04 06:34:03,Teh Tarik
TRX378,UMKM050,income,19000.0,Transfer BRI,2024-06-02 06:34:03,Es Boba
TRX379,UMKM050,income,127000.0,Dana,2023-09-16 06:34:03,Jus Alpukat
TRX380,UMKM050,income,86000.0,,2024-11-12 06:34:03,Pecel Lele
TRX381,UMKM050,expense,164000.0,Cash,2024-01-23 06:34:03,Es Krim Lokal
TRX382,UMKM050,income,287000.0,Dana,2024-10-07 06:34:03,Teh Tarik
TRX383,UMKM050,expense,12000.0,Cash,2022-12-16 06:34:03,Keripik Singkong Pedas
TRX384,UMKM050,expense,287000.0,Transfer BNI,2023-12-27 06:34:03,Dadar Gulung
TRX385,UMKM051,expense,467000.0,,2025-01-07 13:55:27,Jaket Bomber Pria
TRX386,UMKM051,expense,145000.0,Transfer BNI,2024-05-01 13:55:27,Atasan Motif
TRX387,UMKM051,income,280000.0,,2023-08-03 13:55:27,Ikat Pinggang Pria
TRX388,UMKM051,income,911000.0,Gopay,2024-07-29 13:55:27,Ikat Pinggang Pria
TRX389,UMKM051,income,984000.0,Dana,2024-06-10 13:55:27,Kaos Anak Motif
TRX390,UMKM051,income,166000.0,OVO,2023-11-18 13:55:27,Kaos Anak Motif
TRX391,UMKM052,income,522000.0,Transfer BCA,2023-04-25 03:59:32,Setelan Anak Lucu
TRX392,UMKM052,expense,170000.0,Tunai,2022-07-29 03:59:32,
TRX393,UMKM052,expense,713000.0,Tunai,2024-02-06 03:59:32,Kemeja Pria Casual
TRX394,UMKM052,income,902000.0,Pembayaran tunai,2022-09-01 03:59:32,Setelan Anak Lucu
TRX395,UMKM052,income,207000.0,OVO,2023-10-12 03:59:32,Celana Chino Pria
TRX396,UMKM052,income,560000.0,Pembayaran tunai,2023-02-21 03:59:32,Setelan Anak Lucu
TRX397,UMKM053,income,783000.0,,2023-07-27 16:42:17,Jaket Bomber Pria
TRX398,UMKM053,income,348000.0,Transfer BRI,2023-07-04 16:42:17,Kemeja Batik Pria
TRX399,UMKM053,expense,571000.0,Tunai,2023-06-13 16:42:17,Setelan Anak Lucu
TRX400,UMKM053,income,772000.0,Gopay,2023-10-29 16:42:17,Jaket Bomber Pria
TRX401,UMKM053,expense,329000.0,Transfer BNI,2024-02-15 16:42:17,Sepatu Sneakers
TRX402,UMKM053,expense,475000.0,Cash,2023-08-04 16:42:17,Sepatu Sneakers
TRX403,UMKM053,income,904000.0,,2024-09-03 16:42:17,Kemeja Batik Pria
TRX404,UMKM054,income,272000.0,Transfer BRI,2025-06-19 22:00:15,Cermin Ukir
TRX405,UMKM054,income,266000.0,Gopay,2024-06-27 22:00:15,Hiasan Dinding Batik
TRX406,UMKM054,income,149000.0,Transfer BRI,2025-08-08 22:00:15,Vas Bunga Keramik
TRX407,UMKM055,income,238000.0,Pembayaran tunai,2022-11-16 21:59:04,Dadar Gulung
TRX408,UMKM055,expense,287000.0,Tunai,2022-01-25 21:59:04,Bakso Mercon
TRX409,UMKM055,expense,79000.0,,2022-07-16 21:59:04,
TRX410,UMKM055,expense,201000.0,Tunai,2022-07-30 21:59:04,
TRX411,UMKM055,expense,102000.0,,2023-01-17 21:59:04,Es Krim Lokal
TRX412,UMKM055,expense,265000.0,Transfer Mandiri,2023-02-14 21:59:04,Opak Angin
TRX413,UMKM055,income,74000.0,,2023-04-07 21:59:04,Klepon
TRX414,UMKM055,income,40000.0,OVO,2023-02-09 21:59:04,Pudding Coklat
TRX415,UMKM055,income,146000.0,,2021-08-23 21:59:04,Dadar Gulung
TRX416,UMKM055,expense,217000.0,,2022-09-08 21:59:04,Soto Ayam
TRX417,UMKM055,income,179000.0,Pembayaran tunai,2022-11-02 21:59:04,Risol Mayo
TRX418,UMKM055,expense,264000.0,Tunai,2022-10-17 21:59:04,Dadar Gulung
TRX419,UMKM055,expense,141000.0,Transfer BNI,2021-09-30 21:59:04,Dadar Gulung
TRX420,UMKM055,expense,6000.0,Cash,2022-07-23 21:59:04,
TRX421,UMKM055,expense,149000.0,Transfer Mandiri,2022-01-09 21:59:04,
TRX422,UMKM055,income,157000.0,,2022-09-27 21:59:04,Klepon
TRX423,UMKM056,income,255000.0,Dana,2024-02-08 09:40:20,Catering Pernikahan
TRX424,UMKM056,income,81000.0,Gopay,2024-07-22 09:40:20,Catering Kantor
TRX425,UMKM056,expense,233000.0,Transfer Mandiri,2024-07-20 09:40:20,Bolu Kukus
TRX426,UMKM056,income,280000.0,Gopay,2025-04-01 09:40:20,Catering Kantor
TRX427,UMKM056,expense,252000.0,Cash,2024-12-02 09:40:20,Basreng Kering
TRX428,UMKM056,expense,181000.0,,2024-09-10 09:40:20,Keripik Singkong Pedas
TRX429,UMKM056,expense,175000.0,Transfer Mandiri,2024-04-14 09:40:20,
TRX430,UMKM056,income,287000.0,Gopay,2024-05-10 09:40:20,Bolu Kukus
TRX431,UMKM056,expense,283000.0,Transfer BNI,2023-12-09 09:40:20,Mie Ayam Pangsit
TRX432,UMKM056,income,198000.0,Transfer BCA,2024-07-21 09:40:20,Paket Prasmanan
TRX433,UMKM056,expense,238000.0,,2025-02-20 09:40:20,
TRX434,UMKM056,income,169000.0,Dana,2024-06-20 09:40:20,
TRX435,UMKM056,income,101000.0,Dana,2024-04-04 09:40:20,Bolu Kukus
TRX436,UMKM056,income,127000.0,Dana,2024-07-11 09:40:20,Paket Prasmanan
TRX437,UMKM056,expense,297000.0,,2024-01-24 09:40:20,Catering Kantor
TRX438,UMKM056,expense,201000.0,Tunai,2024-04-01 09:40:20,Es Krim Lokal
TRX439,UMKM056,expense,124000.0,Transfer BNI,2024-02-07 09:40:20,Seblak Kering
TRX440,UMKM056,income,215000.0,OVO,2024-01-07 09:40:20,Bolu Kukus
TRX441,UMKM057,expense,139000.0,Cash,2022-10-12 06:39:28,
TRX442,UMKM057,income,701000.0,Transfer BRI,2023-03-03 06:39:28,Sewa Pickup
TRX443,UMKM057,expense,1575000.0,Transfer BNI,2022-01-31 06:39:28,Kurir Ekspres Lokal
TRX444,UMKM057,income,1018000.0,OVO,2022-11-30 06:39:28,Sewa Motor Harian
TRX445,UMKM057,expense,1494000.0,Tunai,2022-05-10 06:39:28,Antar Jemput Bandara
TRX446,UMKM057,income,1920000.0,,2022-06-26 06:39:28,Sewa Motor Harian
TRX447,UMKM057,income,1711000.0,Dana,2022-01-31 06:39:28,Sewa Mobil Harian
TRX448,UMKM058,expense,830000.0,Transfer Mandiri,2022-07-09 21:55:12,Antar Jemput Bandara
TRX449,UMKM058,income,840000.0,Transfer BRI,2021-08-11 21:55:12,Servis Rem
TRX450,UMKM058,income,1409000.0,Transfer BRI,2022-04-08 21:55:12,Servis Rem
TRX451,UMKM058,income,1672000.0,Dana,2023-02-28 21:55:12,Gudang Sewa
TRX452,UMKM058,expense,1730000.0,Transfer BNI,2022-03-12 21:55:12,
TRX453,UMKM058,expense,1385000.0,,2022-08-28 21:55:12,
TRX454,UMKM058,expense,361000.0,Cash,2022-08-01 21:55:12,Servis Rem
TRX455,UMKM059,income,2128000.0,Gopay,2023-06-14 03:53:20,Event Launching Produk
TRX456,UMKM059,income,251000.0,,2023-02-18 03:53:20,Gathering Perusahaan
TRX457,UMKM059,expense,617000.0,,2023-12-18 03:53:20,Desain Feed Instagram
TRX458,UMKM059,income,2157000.0,,2023-01-08 03:53:20,Desain Logo
TRX459,UMKM059,income,2517000.0,,2023-12-19 03:53:20,Gathering Perusahaan
TRX460,UMKM059,income,1459000.0,Transfer BCA,2023-12-10 03:53:20,Event Launching Produk
TRX461,UMKM059,income,511000.0,Dana,2022-10-19 03:53:20,Event Launching Produk
TRX462,UMKM059,income,1903000.0,OVO,2023-07-25 03:53:20,Desain Banner
TRX463,UMKM059,income,508000.0,OVO,2024-01-04 03:53:20,Gathering Perusahaan
TRX464,UMKM060,income,284000.0,Gopay,2023-05-01 08:49:18,Layanan Bidan
TRX465,UMKM060,expense,481000.0,Cash,2023-06-19 08:49:18,Kunyit Asam
TRX466,UMKM060,expense,248000.0,Transfer BNI,2023-03-16 08:49:18,Omega 3 Kapsul
TRX467,UMKM060,income,22000.0,OVO,2024-08-17 08:49:18,Layanan Bidan
TRX468,UMKM060,income,384000.0,Gopay,2024-01-12 08:49:18,Layanan Bidan
TRX469,UMKM061,income,197000.0,Transfer BRI,2024-06-09 11:04:43,Dress Casual
TRX470,UMKM061,income,469000.0,,2025-10-27 11:04:43,Celana Pendek Anak
TRX471,UMKM061,income,941000.0,Gopay,2024-04-19 11:04:43,Heels Wanita
TRX472,UMKM061,expense,720000.0,Transfer BNI,2024-06-27 11:04:43,Tas Kulit Mini
TRX473,UMKM061,income,208000.0,Transfer BRI,2025-10-28 11:04:43,Setelan Anak Lucu
TRX474,UMKM061,expense,126000.0,Tunai,2024-06-27 11:04:43,Gamis Syari
TRX475,UMKM061,expense,530000.0,Transfer Mandiri,2024-05-04 11:04:43,Kaos Polos Pria
TRX476,UMKM062,income,850000.0,Dana,2023-07-14 01:20:11,Dress Casual
TRX477,UMKM062,income,321000.0,,2022-02-04 01:20:11,Dress Casual
TRX478,UMKM062,expense,396000.0,,2023-07-28 01:20:11,Heels Wanita
TRX479,UMKM062,income,688000.0,Pembayaran tunai,2021-10-08 01:20:11,Dress Casual
TRX480,UMKM062,income,759000.0,Transfer BCA,2021-09-20 01:20:11,Dress Casual
TRX481,UMKM062,income,457000.0,Transfer BRI,2021-12-16 01:20:11,Dress Casual
TRX482,UMKM063,income,2761000.0,,2021-07-20 23:23:19,Gathering Perusahaan
TRX483,UMKM063,expense,428000.0,,2022-11-04 23:23:19,Konsultasi Hukum
TRX484,UMKM063,expense,1445000.0,Cash,2021-06-16 23:23:19,Paket Ulang Tahun
TRX485,UMKM063,income,2862000.0,Transfer BCA,2022-04-30 23:23:19,Konsultasi Pajak
TRX486,UMKM063,income,2285000.0,,2022-11-19 23:23:19,Data Entry
TRX487,UMKM063,expense,1656000.0,,2022-06-17 23:23:19,
TRX488,UMKM063,income,1397000.0,Transfer BRI,2022-12-02 23:23:19,Data Entry
TRX489,UMKM063,income,2667000.0,Transfer BRI,2021-11-02 23:23:19,Paket Ulang Tahun
TRX490,UMKM063,income,2098000.0,Pembayaran tunai,2023-01-16 23:23:19,Konsultasi Pajak
TRX491,UMKM063,expense,2316000.0,Cash,2022-05-15 23:23:19,Voice Over
TRX492,UMKM064,income,33000.0,Pembayaran tunai,2022-09-04 10:05:42,Jahe Merah Instan
TRX493,UMKM064,income,331000.0,Transfer BRI,2024-01-26 10:05:42,
TRX494,UMKM064,income,50000.0,OVO,2022-10-15 10:05:42,Layanan Bidan
TRX495,UMKM064,income,135000.0,Pembayaran tunai,2023-04-07 10:05:42,Jamu Beras Kencur
TRX496,UMKM064,income,338000.0,Pembayaran tunai,2022-09-19 10:05:42,Konsultasi Dokter
TRX497,UMKM064,income,365000.0,,2024-05-25 10:05:42,Jahe Merah Instan
TRX498,UMKM065,expense,5208000.0,Tunai,2023-05-07 02:09:57,Jual Rumah KPR
TRX499,UMKM065,expense,4227000.0,,2023-04-29 02:09:57,
TRX500,UMKM066,income,235000.0,Transfer BCA,2022-12-26 00:59:26,Kursus Menjahit
TRX501,UMKM066,expense,938000.0,Transfer Mandiri,2022-02-26 00:59:26,Pelatihan Sales
TRX502,UMKM066,expense,251000.0,Transfer BNI,2021-12-11 00:59:26,Kursus Python Pemula
TRX503,UMKM066,income,1347000.0,Dana,2022-10-23 00:59:26,Kursus Menjahit
TRX504,UMKM067,income,2983000.0,,2023-06-26 13:46:45,Desain Feed Instagram
TRX505,UMKM067,expense,511000.0,-,2024-03-30 13:46:45,Paket Ulang Tahun
TRX506,UMKM067,income,1917000.0,OVO,2023-01-01 13:46:45,Desain Feed Instagram
TRX507,UMKM067,income,781000.0,Gopay,2023-02-25 13:46:45,Desain Feed Instagram
TRX508,UMKM067,expense,2942000.0,Cash,2023-01-17 13:46:45,
TRX509,UMKM067,income,1326000.0,Gopay,2023-09-13 13:46:45,Desain Feed Instagram
TRX510,UMKM067,income,218000.0,Transfer BRI,2024-04-22 13:46:45,Desain Feed Instagram
TRX511,UMKM068,expense,28000.0,,2022-06-25 07:19:32,Bakso Mercon
TRX512,UMKM068,expense,171000.0,Cash,2022-10-22 07:19:32,
TRX513,UMKM068,income,33000.0,OVO,2022-08-04 07:19:32,Seblak Kering
TRX514,UMKM068,expense,155000.0,Transfer BNI,2023-06-22 07:19:32,Kopi Susu
TRX515,UMKM068,expense,188000.0,Transfer BNI,2023-01-26 07:19:32,Catering Kantor
TRX516,UMKM068,income,196000.0,Dana,2022-05-03 07:19:32,Seblak Kering
TRX517,UMKM068,income,225000.0,Dana,2023-04-30 07:19:32,Seblak Kering
TRX518,UMKM068,income,79000.0,,2022-04-05 07:19:32,Seblak Kering
TRX519,UMKM068,income,130000.0,Transfer BCA,2022-10-12 07:19:32,Seblak Kering
TRX520,UMKM068,income,276000.0,Transfer BRI,2021-12-14 07:19:32,
TRX521,UMKM068,income,215000.0,OVO,2023-03-22 07:19:32,Opak Angin
TRX522,UMKM068,income,294000.0,Gopay,2022-01-27 07:19:32,Opak Angin
TRX523,UMKM068,income,97000.0,,2023-03-04 07:19:32,Opak Angin
TRX524,UMKM068,income,92000.0,,2023-08-16 07:19:32,Opak Angin
TRX525,UMKM068,income,94000.0,OVO,2023-02-10 07:19:32,Opak Angin
TRX526,UMKM068,income,45000.0,,2023-04-03 07:19:32,Opak Angin
TRX527,UMKM068,income,200000.0,Transfer BRI,2022-12-29 07:19:32,Opak Angin
TRX528,UMKM068,expense,128000.0,Tunai,2023-07-18 07:19:32,Gado-Gado
TRX529,UMKM068,income,259000.0,Transfer BRI,2022-09-07 07:19:32,Opak Angin
TRX530,UMKM068,income,78000.0,,2022-12-25 07:19:32,Seblak Kering
TRX531,UMKM069,income,128000.0,Dana,2024-05-28 04:35:45,Bibit Jagung Hibrida
TRX532,UMKM069,income,246000.0,OVO,2024-02-10 04:35:45,Bibit Jagung Hibrida
TRX533,UMKM069,expense,140000.0,,2023-12-13 04:35:45,Pupuk Kompos
TRX534,UMKM069,income,245000.0,Transfer BCA,2024-04-04 04:35:45,Bibit Jagung Hibrida
TRX535,UMKM069,income,140000.0,OVO,2024-05-18 04:35:45,Bibit Jagung Hibrida
TRX536,UMKM070,expense,1415000.0,Cash,2022-12-20 13:22:29,Bimbel SBMPTN
TRX537,UMKM070,income,69000.0,Gopay,2023-10-09 13:22:29,Bimbel Bahasa Inggris
TRX538,UMKM070,income,1002000.0,OVO,2022-01-31 13:22:29,Kursus Memasak
TRX539,UMKM070,income,639000.0,Gopay,2022-07-13 13:22:29,Bimbel UN SD
TRX540,UMKM071,income,1437000.0,Transfer BRI,2022-04-23 20:11:35,
TRX541,UMKM071,income,1169000.0,Transfer BCA,2022-03-02 20:11:35,Buku Motivasi
TRX542,UMKM071,expense,373000.0,Transfer BNI,2022-10-13 20:11:35,Kursus Memasak
TRX543,UMKM071,expense,201000.0,,2023-02-28 20:11:35,Bimbel Bahasa Inggris
TRX544,UMKM071,income,954000.0,Transfer BCA,2023-03-12 20:11:35,Workshop Fotografi
TRX545,UMKM071,income,757000.0,Gopay,2022-02-13 20:11:35,Buku Motivasi
TRX546,UMKM071,income,1253000.0,Gopay,2021-09-02 20:11:35,Workshop Fotografi
TRX547,UMKM071,income,662000.0,,2022-09-05 20:11:35,
TRX548,UMKM072,income,3575000.0,Gopay,2024-01-15 14:16:17,Instalasi CCTV
TRX549,UMKM072,income,2148000.0,Pembayaran tunai,2025-04-09 14:16:17,App Mobile Android
TRX550,UMKM072,income,3842000.0,,2025-02-28 14:16:17,App Mobile Android
TRX551,UMKM072,expense,2574000.0,Transfer Mandiri,2024-02-20 14:16:17,Sistem Irigasi Otomatis
TRX552,UMKM072,expense,1731000.0,Cash,2024-03-22 14:16:17,Aplikasi HR
TRX553,UMKM072,income,3251000.0,,2025-01-13 14:16:17,App Mobile Android
TRX554,UMKM072,income,4058000.0,OVO,2024-10-28 14:16:17,App Mobile Android
TRX555,UMKM072,expense,973000.0,Transfer BNI,2025-05-10 14:16:17,
TRX556,UMKM072,expense,2043000.0,Cash,2024-06-11 14:16:17,Sistem Irigasi Otomatis
TRX557,UMKM073,income,205000.0,Gopay,2023-08-17 18:48:30,Pupuk Organik Cair
TRX558,UMKM073,expense,193000.0,Cash,2022-03-18 18:48:30,
TRX559,UMKM073,income,161000.0,OVO,2022-06-02 18:48:30,Singkong Segar
TRX560,UMKM073,expense,161000.0,Cash,2023-04-26 18:48:30,Selai Nanas
TRX561,UMKM073,income,21000.0,Transfer BCA,2022-11-12 18:48:30,Pupuk Organik Cair
TRX562,UMKM073,income,212000.0,OVO,2023-11-26 18:48:30,Pupuk Organik Cair
TRX563,UMKM074,income,145000.0,Transfer BRI,2025-02-22 17:47:18,Nasi Padang
TRX564,UMKM074,expense,9000.0,Transfer Mandiri,2024-02-04 17:47:18,Opak Angin
TRX565,UMKM074,income,294000.0,,2023-12-27 17:47:18,Pecel Lele
TRX566,UMKM074,income,30000.0,Gopay,2024-10-24 17:47:18,Gado-Gado
TRX567,UMKM074,income,259000.0,Dana,2024-01-22 17:47:18,Es Campur
TRX568,UMKM074,expense,151000.0,,2024-06-24 17:47:18,Catering Pernikahan
TRX569,UMKM074,income,122000.0,,2023-08-01 17:47:18,Catering Pernikahan
TRX570,UMKM074,income,185000.0,Gopay,2024-09-21 17:47:18,Paket Prasmanan
TRX571,UMKM074,expense,117000.0,Tunai,2024-10-01 17:47:18,Basreng Kering
TRX572,UMKM074,income,102000.0,Dana,2023-09-29 17:47:18,Catering Pernikahan
TRX573,UMKM075,income,2643000.0,Transfer BCA,2025-01-23 11:14:01,Desain Undangan
TRX574,UMKM075,income,1126000.0,,2024-07-04 11:14:01,Servis Mesin Cuci
TRX575,UMKM075,expense,2876000.0,,2024-11-06 11:14:01,
TRX576,UMKM075,income,2800000.0,,2025-01-18 11:14:01,Desain Undangan
TRX577,UMKM075,income,2888000.0,Transfer BCA,2023-10-11 11:14:01,Servis Kulkas
TRX578,UMKM075,income,660000.0,,2023-05-31 11:14:01,Desain Undangan
TRX579,UMKM075,income,2673000.0,Gopay,2023-12-04 11:14:01,Servis AC Split
TRX580,UMKM076,income,74000.0,Transfer BCA,2024-05-29 09:24:09,Miniatur Rumah Kayu
TRX581,UMKM076,income,487000.0,Pembayaran tunai,2024-07-02 09:24:09,Tas Rajut
TRX582,UMKM076,income,346000.0,Dana,2023-09-29 09:24:09,Tas Rajut
TRX583,UMKM076,income,355000.0,Gopay,2023-12-24 09:24:09,Miniatur Rumah Kayu
TRX584,UMKM077,income,25000.0,,2024-02-05 18:50:34,Bakso Mercon
TRX585,UMKM077,income,163000.0,,2025-05-11 18:50:34,Bakso Mercon
TRX586,UMKM077,expense,230000.0,Tunai,2024-08-22 18:50:34,Snack Box Meeting
TRX587,UMKM077,income,22000.0,-,2025-08-25 18:50:34,Bakso Mercon
TRX588,UMKM077,income,191000.0,OVO,2024-07-26 18:50:34,Bakso Mercon
TRX589,UMKM077,expense,72000.0,Transfer Mandiri,2024-08-21 18:50:34,Es Teh Manis
TRX590,UMKM077,expense,51000.0,Tunai,2025-07-04 18:50:34,Lontong Sayur
TRX591,UMKM077,income,156000.0,Transfer BCA,2024-10-20 18:50:34,Bakso Mercon
TRX592,UMKM077,income,172000.0,Gopay,2024-06-25 18:50:34,Klepon
TRX593,UMKM077,income,217000.0,Transfer BRI,2024-07-27 18:50:34,Bakso Mercon
TRX594,UMKM077,income,94000.0,-,2025-03-30 18:50:34,Klepon
TRX595,UMKM077,income,107000.0,Gopay,2025-08-30 18:50:34,Catering Pernikahan
TRX596,UMKM077,expense,72000.0,Transfer BNI,2025-04-14 18:50:34,Es Teh Manis
TRX597,UMKM078,income,4518000.0,,2023-05-26 22:44:58,Pembuatan Website
TRX598,UMKM078,income,3097000.0,,2022-10-26 22:44:58,Pembuatan Website
TRX599,UMKM078,income,4448000.0,,2022-11-20 22:44:58,Pembuatan Website
TRX600,UMKM078,income,4210000.0,,2022-07-17 22:44:58,Pembuatan Website
TRX601,UMKM078,expense,2332000.0,,2023-09-22 22:44:58,Sensor Suhu Gudang
TRX602,UMKM079,expense,900000.0,Cash,2023-02-02 12:49:32,
TRX603,UMKM079,expense,218000.0,,2022-06-22 12:49:32,Sweater Pria
TRX604,UMKM079,expense,313000.0,Tunai,2022-04-23 12:49:32,
TRX605,UMKM079,income,985000.0,Transfer BCA,2023-11-25 12:49:32,Heels Wanita
TRX606,UMKM079,expense,894000.0,Cash,2023-09-07 12:49:32,Dompet Wanita
TRX607,UMKM079,expense,543000.0,Transfer Mandiri,2024-01-28 12:49:32,Sepatu Boots
TRX608,UMKM080,income,1701000.0,OVO,2022-06-19 06:49:29,Sewa Motor Harian
TRX609,UMKM080,expense,654000.0,Transfer BNI,2023-01-20 06:49:29,Sewa Motor Harian
TRX610,UMKM080,expense,1578000.0,Tunai,2024-01-26 06:49:29,Antar Jemput Bandara
TRX611,UMKM080,income,1832000.0,,2022-09-28 06:49:29,Study Tour
TRX612,UMKM080,income,743000.0,,2023-05-16 06:49:29,Study Tour
TRX613,UMKM080,expense,1697000.0,Transfer Mandiri,2022-12-23 06:49:29,Cuci Mobil
TRX614,UMKM080,expense,285000.0,Cash,2023-07-30 06:49:29,Pengiriman Barang Kota
TRX615,UMKM080,income,1009000.0,Dana,2023-02-18 06:49:29,Study Tour
TRX616,UMKM081,income,408000.0,Gopay,2024-09-08 04:14:35,Servis Mesin Cuci
TRX617,UMKM081,income,676000.0,Dana,2024-06-27 04:14:35,Penulisan Artikel SEO
TRX618,UMKM081,expense,1024000.0,,2024-03-15 04:14:35,Penulisan Artikel SEO
TRX619,UMKM081,expense,2870000.0,Transfer Mandiri,2024-10-12 04:14:35,Konsultasi Bisnis
TRX620,UMKM081,income,2862000.0,Pembayaran tunai,2025-06-27 04:14:35,Data Entry
TRX621,UMKM081,expense,1727000.0,Transfer Mandiri,2025-11-08 04:14:35,Desain Logo
TRX622,UMKM082,expense,1782000.0,Transfer Mandiri,2024-08-25 04:34:47,Antar Jemput Sekolah
TRX623,UMKM082,expense,1697000.0,Transfer BNI,2025-02-06 04:34:47,Servis Rem
TRX624,UMKM082,expense,1191000.0,Transfer Mandiri,2023-09-17 04:34:47,Sewa Mobil Harian
TRX625,UMKM082,income,799000.0,OVO,2023-08-31 04:34:47,Driver Harian
TRX626,UMKM082,income,234000.0,OVO,2023-05-29 04:34:47,Tune Up Mobil
TRX627,UMKM082,income,1669000.0,Transfer BRI,2024-07-06 04:34:47,Sewa Motor Harian
TRX628,UMKM082,income,858000.0,Transfer BRI,2024-04-28 04:34:47,Tune Up Mobil
TRX629,UMKM082,income,78000.0,OVO,2024-03-05 04:34:47,Balancing Roda
TRX630,UMKM083,expense,1183000.0,,2024-02-20 09:58:57,Data Entry
TRX631,UMKM083,income,2297000.0,Pembayaran tunai,2025-07-04 09:58:57,Konsultasi Pajak
TRX632,UMKM083,income,606000.0,,2025-04-11 09:58:57,Editing Video
TRX633,UMKM083,income,1962000.0,OVO,2023-08-27 09:58:57,
TRX634,UMKM083,income,1609000.0,,2024-10-04 09:58:57,Desain Banner
TRX635,UMKM083,income,2855000.0,Transfer BCA,2024-12-12 09:58:57,Desain Kemasan
TRX636,UMKM083,income,2853000.0,Transfer BCA,2025-07-13 09:58:57,Editing Video
TRX637,UMKM083,expense,1173000.0,Tunai,2024-06-20 09:58:57,Data Entry
TRX638,UMKM083,income,2494000.0,,2025-03-20 09:58:57,Desain Logo
TRX639,UMKM083,expense,1660000.0,Transfer BNI,2025-05-03 09:58:57,Seminar Nasional
TRX640,UMKM084,income,195000.0,,2024-10-17 01:56:52,Paket Nasi Box
TRX641,UMKM084,income,60000.0,Transfer BCA,2023-06-06 01:56:52,Klepon
TRX642,UMKM084,expense,124000.0,,2023-05-28 01:56:52,Pecel Lele
TRX643,UMKM084,expense,246000.0,,2024-01-03 01:56:52,Lontong Sayur
TRX644,UMKM084,expense,17000.0,,2023-09-22 01:56:52,Rendang Padang
TRX645,UMKM084,expense,292000.0,Transfer Mandiri,2024-05-23 01:56:52,
TRX646,UMKM084,income,172000.0,OVO,2023-08-04 01:56:52,Pudding Coklat
TRX647,UMKM084,expense,118000.0,,2024-11-16 01:56:52,
TRX648,UMKM084,expense,37000.0,Cash,2023-12-27 01:56:52,Es Campur
TRX649,UMKM084,expense,242000.0,,2024-05-26 01:56:52,Catering Pernikahan
TRX650,UMKM084,expense,159000.0,Transfer BNI,2023-12-16 01:56:52,Rendang Padang
TRX651,UMKM084,expense,214000.0,Cash,2025-02-04 01:56:52,Nasi Padang
TRX652,UMKM084,expense,64000.0,,2024-07-26 01:56:52,Basreng Kering
TRX653,UMKM084,income,76000.0,Transfer BRI,2024-09-08 01:56:52,Risol Mayo
TRX654,UMKM084,expense,28000.0,Transfer Mandiri,2025-02-09 01:56:52,Rendang Padang
TRX655,UMKM085,income,29000.0,,2024-05-09 11:44:10,Abon Ikan
TRX656,UMKM085,income,165000.0,Transfer BCA,2025-04-26 11:44:10,Tepung Mocaf
TRX657,UMKM085,expense,262000.0,Transfer BNI,2024-09-28 11:44:10,Selai Nanas
TRX658,UMKM086,income,1051000.0,,2022-02-15 01:43:37,App Mobile Android
TRX659,UMKM086,income,896000.0,,2021-06-14 01:43:37,Aplikasi Kasir UMKM
TRX660,UMKM086,expense,2023000.0,Transfer BNI,2022-01-13 01:43:37,Aplikasi Kasir UMKM
TRX661,UMKM086,income,4503000.0,Pembayaran tunai,2023-04-13 01:43:37,Kamera IP CCTV
TRX662,UMKM086,income,1211000.0,,2022-10-24 01:43:37,Sistem ERP
TRX663,UMKM086,income,3283000.0,Pembayaran tunai,2022-03-20 01:43:37,Platform E-commerce
TRX664,UMKM086,income,3816000.0,OVO,2021-10-12 01:43:37,Aplikasi Absensi
TRX665,UMKM086,income,3139000.0,Transfer BRI,2023-01-08 01:43:37,App Mobile Android
TRX666,UMKM087,income,368000.0,,2023-06-29 08:06:07,Miniatur Rumah Kayu
TRX667,UMKM087,income,405000.0,OVO,2022-08-18 08:06:07,Lampu Botol Kaca
TRX668,UMKM087,income,381000.0,Dana,2022-09-22 08:06:07,Miniatur Rumah Kayu
TRX669,UMKM087,income,301000.0,OVO,2022-08-30 08:06:07,Lampu Botol Kaca
TRX670,UMKM087,income,239000.0,Dana,2023-04-20 08:06:07,Lampu Botol Kaca
TRX671,UMKM087,income,325000.0,Transfer BCA,2023-06-07 08:06:07,Miniatur Rumah Kayu
TRX672,UMKM088,income,732000.0,Transfer BRI,2023-02-07 03:13:59,Penerjemah Dokumen
TRX673,UMKM088,expense,1799000.0,Tunai,2021-11-01 03:13:59,Konsultasi Bisnis
TRX674,UMKM088,income,2782000.0,OVO,2022-03-08 03:13:59,Desain Feed Instagram
TRX675,UMKM088,income,505000.0,Transfer BCA,2021-12-25 03:13:59,Desain Feed Instagram
TRX676,UMKM088,expense,2104000.0,,2022-08-27 03:13:59,Servis HP
TRX677,UMKM088,income,2621000.0,Dana,2022-11-28 03:13:59,Penerjemah Dokumen
TRX678,UMKM088,expense,1771000.0,,2022-12-09 03:13:59,Desain Banner
TRX679,UMKM089,expense,2391000.0,,2025-09-13 17:58:05,IT Support Bulanan
TRX680,UMKM089,income,368000.0,Transfer BCA,2025-11-09 17:58:05,Website Company Profile
TRX681,UMKM089,income,3135000.0,Transfer BRI,2025-10-07 17:58:05,Software Akuntansi
TRX682,UMKM089,expense,1879000.0,Transfer BNI,2024-02-07 17:58:05,Monitoring Listrik IoT
TRX683,UMKM090,expense,252000.0,,2022-11-14 14:43:32,Miniatur Rumah Kayu
TRX684,UMKM090,income,252000.0,OVO,2021-07-02 14:43:32,Pot Tanah Liat
TRX685,UMKM090,income,145000.0,Gopay,2022-06-11 14:43:32,Pot Tanah Liat
TRX686,UMKM091,income,3071000.0,,2023-02-03 10:35:56,Smart Lock Pintu
TRX687,UMKM091,income,913000.0,Pembayaran tunai,2023-01-13 10:35:56,Smart Lock Pintu
TRX688,UMKM091,expense,3109000.0,,2023-07-02 10:35:56,Aplikasi Inventory
TRX689,UMKM091,income,4560000.0,Transfer BRI,2024-03-13 10:35:56,Smart Lock Pintu
TRX690,UMKM091,expense,3038000.0,Transfer BNI,2023-02-18 10:35:56,Instalasi CCTV
TRX691,UMKM091,income,596000.0,Transfer BCA,2023-04-28 10:35:56,Website Company Profile
TRX692,UMKM091,expense,3361000.0,,2023-06-15 10:35:56,Software Akuntansi
TRX693,UMKM091,expense,2360000.0,,2023-05-14 10:35:56,Pembuatan Website
TRX694,UMKM092,expense,244000.0,Transfer Mandiri,2023-02-10 00:16:37,Topi Baseball
TRX695,UMKM092,expense,175000.0,Cash,2021-10-21 00:16:37,Celana Pendek Anak
TRX696,UMKM092,income,918000.0,OVO,2022-06-01 00:16:37,Kalung Emas Muda
TRX697,UMKM092,income,893000.0,,2022-03-23 00:16:37,Baju Tidur Anak
TRX698,UMKM092,income,515000.0,Dana,2022-12-02 00:16:37,
TRX699,UMKM092,income,143000.0,Pembayaran tunai,2022-08-29 00:16:37,Kalung Emas Muda
TRX700,UMKM092,expense,728000.0,,2021-09-29 00:16:37,Polo Shirt Pria
TRX701,UMKM092,expense,267000.0,,2022-12-09 00:16:37,Sepatu Boots
TRX702,UMKM092,expense,707000.0,,2022-08-20 00:16:37,Blouse Wanita
TRX703,UMKM092,expense,704000.0,,2022-07-31 00:16:37,Celana Kulot
TRX704,UMKM092,income,661000.0,OVO,2021-09-11 00:16:37,Kalung Emas Muda
TRX705,UMKM092,expense,71000.0,Cash,2022-09-10 00:16:37,Ikat Pinggang Pria
TRX706,UMKM093,expense,1328000.0,,2024-04-07 19:09:19,Desain Interior Ruang Tamu
TRX707,UMKM093,income,5964000.0,Gopay,2023-03-27 19:09:19,Kost Putri Full Fasilitas
TRX708,UMKM093,expense,4490000.0,,2024-10-12 19:09:19,Pemasangan Wallpaper
TRX709,UMKM094,income,307000.0,Gopay,2023-08-10 12:19:59,Kursus Editing Video
TRX710,UMKM094,expense,1206000.0,Transfer Mandiri,2023-05-12 12:19:59,Buku Bisnis Online
TRX711,UMKM094,income,470000.0,Pembayaran tunai,2024-05-21 12:19:59,Workshop Fotografi
TRX712,UMKM094,income,190000.0,,2024-08-26 12:19:59,Kursus Editing Video
TRX713,UMKM094,expense,1185000.0,Transfer BNI,2023-03-20 12:19:59,
TRX714,UMKM095,expense,131000.0,,2024-08-08 02:08:48,
TRX715,UMKM095,income,325000.0,Gopay,2023-07-25 02:08:48,Pot Tanah Liat
TRX716,UMKM095,expense,135000.0,Transfer BNI,2023-08-23 02:08:48,Gelang Manik Handmade
TRX717,UMKM095,expense,441000.0,Tunai,2024-04-03 02:08:48,Vas Bunga Keramik
TRX718,UMKM095,income,470000.0,OVO,2024-02-12 02:08:48,
TRX719,UMKM095,income,144000.0,Transfer BCA,2024-03-20 02:08:48,Pot Tanah Liat
TRX720,UMKM095,income,193000.0,Pembayaran tunai,2025-01-06 02:08:48,Mainan Edukatif Kayu
TRX721,UMKM096,income,842000.0,Transfer BRI,2022-12-29 15:21:40,Dress Casual
TRX722,UMKM096,income,201000.0,Gopay,2022-07-19 15:21:40,Celana Pendek Anak
TRX723,UMKM096,expense,857000.0,Transfer BNI,2023-12-22 15:21:40,Anting Mutiara
TRX724,UMKM096,income,972000.0,Transfer BRI,2022-07-01 15:21:40,Heels Wanita
TRX725,UMKM096,expense,660000.0,Transfer BNI,2023-04-25 15:21:40,Dompet Wanita
TRX726,UMKM096,income,52000.0,Dana,2022-04-28 15:21:40,Celana Pendek Anak
TRX727,UMKM096,income,333000.0,,2023-09-28 15:21:40,Atasan Motif
TRX728,UMKM096,expense,929000.0,Cash,2023-12-08 15:21:40,Dress Anak Pesta
TRX729,UMKM097,expense,84000.0,Tunai,2023-12-28 19:27:56,Mesin Pompa Air
TRX730,UMKM097,income,76000.0,,2023-09-19 19:27:56,Pupuk Organik Cair
TRX731,UMKM097,expense,286000.0,Transfer Mandiri,2024-06-10 19:27:56,Pupuk NPK Mutiara
TRX732,UMKM097,income,138000.0,,2024-02-07 19:27:56,Tepung Mocaf
TRX733,UMKM097,income,99000.0,Transfer BCA,2024-10-28 19:27:56,Tepung Mocaf
TRX734,UMKM098,income,71000.0,Transfer BRI,2023-05-06 20:43:03,Vitamin C 1000mg
TRX735,UMKM098,income,353000.0,Pembayaran tunai,2024-01-14 20:43:03,Vitamin C 1000mg
TRX736,UMKM098,income,458000.0,Gopay,2023-12-22 20:43:03,Pijat Tradisional
TRX737,UMKM098,income,28000.0,Gopay,2024-01-16 20:43:03,Vitamin C 1000mg
TRX738,UMKM099,income,72000.0,Transfer BRI,2023-03-29 22:57:32,Gado-Gado
TRX739,UMKM099,expense,12000.0,,2022-01-03 22:57:32,
TRX740,UMKM099,income,188000.0,Gopay,2022-11-29 22:57:32,Snack Box Meeting
TRX741,UMKM099,income,126000.0,,2021-08-24 22:57:32,Snack Box Meeting
TRX742,UMKM099,income,170000.0,Dana,2022-06-28 22:57:32,Snack Box Meeting
TRX743,UMKM099,income,13000.0,,2022-05-15 22:57:32,Gado-Gado
TRX744,UMKM099,income,94000.0,OVO,2022-03-07 22:57:32,Snack Box Meeting
TRX745,UMKM099,expense,140000.0,Cash,2022-06-30 22:57:32,Makaroni Goreng
TRX746,UMKM099,income,31000.0,Dana,2023-01-18 22:57:32,Gado-Gado
TRX747,UMKM099,income,69000.0,Transfer BCA,2022-06-06 22:57:32,Gado-Gado
TRX748,UMKM099,income,220000.0,Transfer BCA,2021-12-06 22:57:32,Gado-Gado
TRX749,UMKM099,expense,274000.0,Transfer BNI,2022-09-09 22:57:32,Wedang Jahe
TRX750,UMKM099,income,63000.0,Dana,2023-07-04 22:57:32,Snack Box Meeting
TRX751,UMKM099,expense,37000.0,Transfer BNI,2022-11-24 22:57:32,Es Teh Manis
TRX752,UMKM099,income,248000.0,Transfer BRI,2021-11-21 22:57:32,Snack Box Meeting
TRX753,UMKM099,expense,234000.0,Cash,2023-05-25 22:57:32,
TRX761,UMKM101,expense,1986000.0,,2023-01-22 07:20:41,Driver Harian
TRX762,UMKM101,expense,1309000.0,,2023-01-12 07:20:41,Antar Jemput Sekolah
TRX763,UMKM101,income,138000.0,,2022-10-25 07:20:41,Study Tour
TRX764,UMKM101,income,1539000.0,,2022-09-23 07:20:41,Paket Wisata Bali
TRX765,UMKM101,income,1654000.0,Gopay,2022-05-28 07:20:41,Sewa Motor Harian
TRX766,UMKM102,expense,271000.0,Transfer Mandiri,2025-03-28 10:58:35,
TRX767,UMKM102,income,159000.0,Dana,2024-12-23 10:58:35,Basreng Kering
TRX768,UMKM102,income,239000.0,Transfer BCA,2024-09-05 10:58:35,Opak Angin
TRX769,UMKM102,income,20000.0,,2025-06-04 10:58:35,
TRX770,UMKM102,income,36000.0,Transfer BCA,2025-01-19 10:58:35,Seblak Kering
TRX771,UMKM102,income,250000.0,Dana,2025-05-21 10:58:35,Makaroni Goreng
TRX772,UMKM102,income,210000.0,Pembayaran tunai,2025-06-09 10:58:35,Opak Angin
TRX773,UMKM102,expense,223000.0,Cash,2024-04-26 10:58:35,Klepon
TRX774,UMKM102,expense,60000.0,,2025-02-05 10:58:35,Makaroni Goreng
TRX775,UMKM102,income,256000.0,Transfer BRI,2024-08-27 10:58:35,Keripik Singkong Pedas
TRX776,UMKM102,income,232000.0,,2025-09-11 10:58:35,Keripik Singkong Pedas
TRX777,UMKM102,expense,42000.0,Transfer BNI,2024-11-29 10:58:35,Brownies Kukus
TRX778,UMKM102,income,46000.0,Pembayaran tunai,2025-06-19 10:58:35,Opak Angin
TRX779,UMKM102,income,169000.0,Gopay,2025-09-29 10:58:35,Basreng Kering
TRX780,UMKM102,income,80000.0,Gopay,2025-05-03 10:58:35,Makaroni Goreng
TRX781,UMKM102,income,38000.0,,2024-12-13 10:58:35,Keripik Singkong Pedas
TRX782,UMKM103,expense,308000.0,Cash,2022-11-04 03:49:18,Pelatihan Barista
TRX783,UMKM103,income,613000.0,OVO,2021-10-10 03:49:18,Workshop Fotografi
TRX784,UMKM103,expense,1328000.0,Transfer BNI,2022-11-05 03:49:18,Pelatihan Sales
TRX785,UMKM103,expense,1346000.0,Transfer Mandiri,2021-10-07 03:49:18,Kursus Public Speaking
TRX786,UMKM103,expense,1248000.0,Tunai,2022-09-03 03:49:18,
TRX787,UMKM103,expense,1173000.0,,2021-11-16 03:49:18,Bimbel SBMPTN
TRX788,UMKM104,expense,176000.0,Transfer Mandiri,2023-03-26 22:14:44,Bibit Jagung Hibrida
TRX789,UMKM104,expense,205000.0,,2023-08-08 22:14:44,Dodol Nangka
TRX790,UMKM104,income,281000.0,-,2024-03-25 22:14:44,Singkong Segar
TRX791,UMKM104,expense,160000.0,Transfer BNI,2024-01-08 22:14:44,Keripik Pisang
TRX792,UMKM105,income,237000.0,OVO,2023-11-02 14:16:42,Brownies Kukus
TRX793,UMKM105,income,263000.0,,2022-11-11 14:16:42,Brownies Kukus
TRX794,UMKM105,expense,225000.0,Transfer Mandiri,2022-10-01 14:16:42,Rendang Padang
TRX795,UMKM105,income,55000.0,Transfer BCA,2022-07-08 14:16:42,Brownies Kukus
TRX796,UMKM105,income,63000.0,-,2022-02-07 14:16:42,Brownies Kukus
TRX797,UMKM105,income,287000.0,Transfer BRI,2022-03-19 14:16:42,Brownies Kukus
TRX798,UMKM105,expense,115000.0,,2022-10-21 14:16:42,Lontong Sayur
TRX799,UMKM105,expense,225000.0,Tunai,2023-08-30 14:16:42,Es Teh Manis
TRX800,UMKM105,expense,236000.0,Tunai,2022-02-06 14:16:42,Cireng Isi
TRX801,UMKM105,income,121000.0,,2022-09-18 14:16:42,Brownies Kukus
TRX802,UMKM106,expense,226000.0,,2024-12-14 01:24:57,Kunyit Asam
TRX803,UMKM106,expense,188000.0,Transfer BNI,2025-08-26 01:24:57,
TRX804,UMKM106,income,438000.0,Dana,2024-02-04 01:24:57,Tensimeter Digital
TRX805,UMKM106,expense,247000.0,,2024-08-15 01:24:57,Layanan Perawat Rumah
TRX806,UMKM106,income,219000.0,Dana,2025-01-15 01:24:57,Kunyit Asam
TRX807,UMKM106,income,227000.0,Dana,2025-02-09 01:24:57,Kalsium Tablet
TRX808,UMKM107,income,53000.0,Dana,2022-12-19 06:18:32,Risol Mayo
TRX809,UMKM107,income,165000.0,Dana,2023-01-16 06:18:32,Brownies Kukus
TRX810,UMKM107,expense,223000.0,Tunai,2022-06-06 06:18:32,Keripik Singkong Pedas
TRX811,UMKM107,expense,165000.0,Transfer BNI,2022-06-24 06:18:32,Paket Prasmanan
TRX812,UMKM107,income,135000.0,Gopay,2022-10-03 06:18:32,Brownies Kukus
TRX813,UMKM107,expense,196000.0,Tunai,2022-06-06 06:18:32,Bolu Kukus
TRX814,UMKM107,income,83000.0,OVO,2023-01-16 06:18:32,Brownies Kukus
TRX815,UMKM107,income,247000.0,Gopay,2022-04-18 06:18:32,Brownies Kukus
TRX816,UMKM107,expense,39000.0,Cash,2022-01-18 06:18:32,Dadar Gulung
TRX817,UMKM107,expense,51000.0,Cash,2023-01-13 06:18:32,
TRX818,UMKM107,income,48000.0,OVO,2023-05-23 06:18:32,Brownies Kukus
TRX819,UMKM108,expense,145000.0,,2025-07-19 22:25:21,Gamis Syari
TRX820,UMKM108,expense,492000.0,Transfer Mandiri,2025-04-17 22:25:21,Sepatu Boots
TRX821,UMKM108,expense,148000.0,Transfer Mandiri,2024-11-21 22:25:21,Dress Casual
TRX822,UMKM108,income,812000.0,,2025-05-09 22:25:21,Setelan Anak Lucu
TRX823,UMKM108,expense,806000.0,,2024-05-31 22:25:21,Dress Casual
TRX824,UMKM108,expense,431000.0,Transfer Mandiri,2024-12-22 22:25:21,Topi Baseball
TRX825,UMKM108,income,881000.0,Pembayaran tunai,2024-12-27 22:25:21,Setelan Anak Lucu
TRX826,UMKM109,income,183000.0,,2023-06-12 07:20:57,Celana Chino Pria
TRX827,UMKM109,income,619000.0,OVO,2022-07-01 07:20:57,Kemeja Pria Casual
TRX828,UMKM109,expense,111000.0,,2023-07-23 07:20:57,
TRX829,UMKM109,income,650000.0,Transfer BRI,2022-05-29 07:20:57,Slip On Polos
TRX830,UMKM109,expense,625000.0,,2022-09-04 07:20:57,Sepatu Formal Pria
TRX831,UMKM109,expense,625000.0,Tunai,2023-06-07 07:20:57,Dress Anak Pesta
TRX832,UMKM109,expense,387000.0,Cash,2022-10-21 07:20:57,Anting Mutiara
TRX833,UMKM109,expense,736000.0,,2022-12-08 07:20:57,Celana Chino Pria
TRX834,UMKM109,income,175000.0,,2022-11-24 07:20:57,Polo Shirt Pria
TRX835,UMKM110,expense,470000.0,Transfer Mandiri,2023-10-20 06:55:56,
TRX836,UMKM110,income,412000.0,OVO,2023-06-21 06:55:56,Slip On Polos
TRX837,UMKM110,income,944000.0,Dana,2023-06-05 06:55:56,Atasan Motif
TRX838,UMKM110,income,731000.0,Gopay,2024-01-23 06:55:56,Heels Wanita
TRX839,UMKM110,income,818000.0,,2023-12-20 06:55:56,Setelan Anak Lucu
TRX840,UMKM110,income,483000.0,OVO,2024-02-24 06:55:56,
TRX841,UMKM111,income,469000.0,,2023-01-16 21:04:33,
TRX842,UMKM111,income,493000.0,Dana,2023-03-06 21:04:33,Jam Dinding Kayu
TRX843,UMKM111,income,394000.0,Dana,2024-05-22 21:04:33,Gelang Manik Handmade
TRX844,UMKM111,expense,51000.0,,2023-05-21 21:04:33,Gantungan Kunci Custom
TRX845,UMKM111,income,172000.0,Transfer BRI,2023-02-28 21:04:33,Cermin Ukir
TRX846,UMKM111,income,332000.0,Pembayaran tunai,2024-07-30 21:04:33,Cermin Ukir
TRX847,UMKM112,expense,164000.0,Tunai,2022-07-21 21:53:31,Catering Kantor
TRX848,UMKM112,income,185000.0,,2022-03-17 21:53:31,Paket Nasi Box
TRX849,UMKM112,income,58000.0,,2022-05-12 21:53:31,Catering Kantor
TRX850,UMKM112,income,300000.0,Pembayaran tunai,2022-04-25 21:53:31,Catering Pernikahan
TRX851,UMKM112,expense,264000.0,Transfer BNI,2022-07-19 21:53:31,Basreng Kering
TRX852,UMKM112,income,113000.0,Dana,2022-12-14 21:53:31,Catering Kantor
TRX853,UMKM112,income,84000.0,OVO,2022-11-08 21:53:31,Paket Prasmanan
TRX854,UMKM112,expense,251000.0,,2021-10-15 21:53:31,
TRX855,UMKM112,income,119000.0,Pembayaran tunai,2021-10-20 21:53:31,Paket Prasmanan
TRX856,UMKM112,income,60000.0,Transfer BCA,2021-09-20 21:53:31,Catering Pernikahan
TRX857,UMKM112,income,184000.0,Dana,2022-01-02 21:53:31,Catering Pernikahan
TRX858,UMKM112,expense,289000.0,Cash,2021-05-18 21:53:31,Nasi Goreng Spesial
TRX859,UMKM112,income,193000.0,Transfer BRI,2022-04-23 21:53:31,Catering Pernikahan
TRX860,UMKM112,expense,63000.0,Tunai,2022-08-12 21:53:31,Catering Kantor
TRX861,UMKM112,income,147000.0,Dana,2023-02-21 21:53:31,Paket Prasmanan
TRX862,UMKM113,expense,298000.0,Transfer Mandiri,2024-12-12 11:10:29,Es Krim Lokal
TRX863,UMKM113,income,120000.0,OVO,2025-08-02 11:10:29,Lontong Sayur
TRX864,UMKM113,income,224000.0,Transfer BCA,2025-08-31 11:10:29,Lontong Sayur
TRX865,UMKM113,income,292000.0,,2024-07-24 11:10:29,Lontong Sayur
TRX866,UMKM113,income,290000.0,Transfer BRI,2024-09-30 11:10:29,Kue Cubit
TRX867,UMKM113,income,18000.0,OVO,2024-02-16 11:10:29,Lontong Sayur
TRX868,UMKM113,income,141000.0,OVO,2024-04-14 11:10:29,Kue Cubit
TRX869,UMKM113,income,19000.0,,2024-04-14 11:10:29,Paket Nasi Box
TRX870,UMKM113,income,97000.0,,2025-09-19 11:10:29,Rendang Padang
TRX871,UMKM113,income,144000.0,,2025-03-04 11:10:29,Lontong Sayur
TRX872,UMKM114,income,1489000.0,,2022-01-12 15:49:19,Sewa Minibus
TRX873,UMKM114,income,1611000.0,OVO,2022-04-28 15:49:19,Sewa Truk
TRX874,UMKM114,expense,682000.0,Transfer BNI,2022-03-06 15:49:19,Servis Rem
TRX875,UMKM114,income,1937000.0,Pembayaran tunai,2022-02-13 15:49:19,Jasa Packing Barang
TRX876,UMKM114,income,745000.0,Pembayaran tunai,2021-08-21 15:49:19,Sewa Truk
TRX877,UMKM114,expense,768000.0,Cash,2022-06-23 15:49:19,Balancing Roda
TRX878,UMKM115,expense,62000.0,Transfer Mandiri,2025-04-24 02:18:35,Pengiriman Barang Kota
TRX879,UMKM115,income,421000.0,Dana,2024-09-05 02:18:35,Study Tour
TRX880,UMKM115,income,1831000.0,OVO,2024-10-18 02:18:35,Antar Jemput Bandara
TRX881,UMKM115,income,343000.0,Gopay,2023-06-30 02:18:35,
TRX882,UMKM115,expense,1209000.0,Transfer BNI,2024-10-29 02:18:35,
TRX883,UMKM115,income,1396000.0,,2024-11-16 02:18:35,
TRX884,UMKM115,income,870000.0,OVO,2024-10-14 02:18:35,Sewa Mobil Harian
TRX885,UMKM115,income,192000.0,,2024-06-13 02:18:35,Study Tour
TRX886,UMKM116,income,681000.0,Dana,2022-03-14 15:37:57,Voice Over
TRX887,UMKM116,income,2693000.0,,2022-09-03 15:37:57,Konsultasi Pajak
TRX888,UMKM116,income,225000.0,,2022-12-20 15:37:57,Voice Over
TRX889,UMKM116,expense,475000.0,Cash,2023-08-22 15:37:57,Servis Kulkas
TRX890,UMKM116,income,2272000.0,Pembayaran tunai,2023-05-26 15:37:57,Konsultasi Keuangan
TRX891,UMKM116,income,981000.0,Dana,2023-01-15 15:37:57,Konsultasi Pajak
TRX892,UMKM116,income,1640000.0,Gopay,2023-01-06 15:37:57,
TRX893,UMKM116,income,1819000.0,Transfer BRI,2021-12-29 15:37:57,Voice Over
TRX894,UMKM116,expense,1958000.0,Cash,2022-05-24 15:37:57,Desain Logo
TRX895,UMKM117,income,189000.0,Dana,2022-02-15 09:37:54,Nebulizer
TRX896,UMKM117,income,95000.0,,2021-12-12 09:37:54,Nebulizer
TRX897,UMKM117,income,204000.0,Pembayaran tunai,2023-05-18 09:37:54,Tensimeter Digital
TRX898,UMKM117,income,174000.0,Transfer BCA,2021-11-24 09:37:54,Nebulizer
TRX899,UMKM118,income,788000.0,,2023-09-30 11:15:28,Sepatu Sneakers
TRX900,UMKM118,income,382000.0,Pembayaran tunai,2023-11-01 11:15:28,Kalung Emas Muda
TRX901,UMKM118,income,845000.0,,2024-12-31 11:15:28,Kalung Emas Muda
TRX902,UMKM118,income,631000.0,Transfer BRI,2023-12-23 11:15:28,Kalung Emas Muda
TRX903,UMKM118,expense,660000.0,Tunai,2024-01-22 11:15:28,Dompet Wanita
TRX904,UMKM118,income,136000.0,OVO,2024-01-15 11:15:28,Sepatu Sneakers
TRX905,UMKM118,expense,954000.0,Transfer Mandiri,2025-03-30 11:15:28,
TRX906,UMKM118,expense,103000.0,,2024-12-21 11:15:28,Sandal Casual
TRX907,UMKM119,income,209000.0,Transfer BRI,2023-07-22 02:16:12,Kemeja Pria Casual
TRX908,UMKM119,expense,211000.0,Tunai,2023-10-07 02:16:12,Baju Tidur Anak
TRX909,UMKM119,income,822000.0,Transfer BCA,2023-03-29 02:16:12,
TRX910,UMKM119,expense,682000.0,Transfer Mandiri,2023-07-08 02:16:12,Ikat Pinggang Pria
TRX911,UMKM119,expense,100000.0,Tunai,2022-06-13 02:16:12,Kemeja Batik Pria
TRX912,UMKM119,income,740000.0,Transfer BRI,2023-07-31 02:16:12,Kemeja Pria Casual
TRX913,UMKM119,income,133000.0,Transfer BRI,2023-01-31 02:16:12,
TRX914,UMKM119,income,328000.0,Gopay,2023-06-23 02:16:12,Kemeja Pria Casual
TRX915,UMKM119,income,503000.0,Transfer BRI,2023-06-11 02:16:12,Kemeja Pria Casual
TRX916,UMKM120,expense,2811000.0,,2024-01-20 01:14:20,Gathering Perusahaan
TRX917,UMKM120,expense,1836000.0,Tunai,2024-05-12 01:14:20,Konsultasi Keuangan
TRX918,UMKM120,expense,2089000.0,Transfer Mandiri,2025-12-05 01:14:20,Data Entry
TRX919,UMKM120,income,2586000.0,Transfer BCA,2025-03-11 01:14:20,Voice Over
TRX920,UMKM120,income,1910000.0,Pembayaran tunai,2025-02-25 01:14:20,Voice Over
TRX921,UMKM120,income,1796000.0,OVO,2025-08-21 01:14:20,Voice Over
TRX922,UMKM120,income,1218000.0,Transfer BCA,2024-07-02 01:14:20,Voice Over
TRX923,UMKM120,income,982000.0,,2025-09-28 01:14:20,Servis Laptop
TRX924,UMKM120,income,2198000.0,Transfer BRI,2024-12-29 01:14:20,Servis Laptop
TRX925,UMKM120,income,566000.0,Gopay,2025-02-16 01:14:20,Voice Over
TRX926,UMKM121,income,191000.0,,2023-09-29 03:29:41,Probiotik Sachet
TRX927,UMKM121,income,235000.0,Pembayaran tunai,2024-02-16 03:29:41,Probiotik Sachet
TRX928,UMKM121,expense,71000.0,Tunai,2024-04-07 03:29:41,Tensimeter Digital
TRX929,UMKM121,expense,160000.0,Cash,2025-03-22 03:29:41,Multivitamin Anak
TRX930,UMKM121,income,362000.0,Transfer BRI,2024-10-24 03:29:41,Probiotik Sachet
TRX931,UMKM121,income,362000.0,,2025-03-19 03:29:41,Probiotik Sachet
TRX932,UMKM122,income,8472000.0,OVO,2023-01-21 02:53:36,Sewa Kios Pasar
TRX933,UMKM122,income,9133000.0,Pembayaran tunai,2023-03-20 02:53:36,Pemasangan Keramik
TRX934,UMKM122,expense,5553000.0,Transfer Mandiri,2023-02-19 02:53:36,
TRX935,UMKM123,income,143000.0,Dana,2022-01-08 22:46:27,Les Piano
TRX936,UMKM123,expense,501000.0,Transfer Mandiri,2023-03-26 22:46:27,Kursus Memasak
TRX937,UMKM123,expense,859000.0,Transfer Mandiri,2022-03-15 22:46:27,Buku Bisnis Online
TRX938,UMKM123,income,1277000.0,Transfer BRI,2022-04-30 22:46:27,Bimbel UN SD
TRX939,UMKM124,income,324000.0,,2023-06-08 15:55:24,Konsultasi Pajak
TRX940,UMKM124,income,131000.0,,2023-05-27 15:55:24,Desain Undangan
TRX941,UMKM124,income,937000.0,Dana,2022-01-21 15:55:24,
TRX942,UMKM124,income,1334000.0,Pembayaran tunai,2022-03-24 15:55:24,Konsultasi Pajak
TRX943,UMKM124,expense,965000.0,Cash,2022-09-29 15:55:24,Servis Laptop
TRX944,UMKM124,income,662000.0,,2021-10-31 15:55:24,Konsultasi Pajak
TRX945,UMKM125,income,135000.0,,2023-11-04 18:52:36,Es Teh Manis
TRX946,UMKM125,income,153000.0,Pembayaran tunai,2023-12-23 18:52:36,Es Boba
TRX947,UMKM125,income,172000.0,,2025-04-03 18:52:36,Es Campur
TRX948,UMKM125,expense,66000.0,,2025-02-05 18:52:36,Matcha Latte
TRX949,UMKM125,expense,8000.0,Cash,2024-02-22 18:52:36,Brownies Kukus
TRX950,UMKM125,expense,259000.0,,2024-11-05 18:52:36,Lontong Sayur
TRX951,UMKM125,income,225000.0,Dana,2023-10-08 18:52:36,Es Campur
TRX952,UMKM125,income,94000.0,Pembayaran tunai,2024-12-07 18:52:36,Jus Alpukat
TRX953,UMKM125,expense,71000.0,Tunai,2025-05-06 18:52:36,Opak Angin
TRX954,UMKM125,income,199000.0,Gopay,2024-04-01 18:52:36,Wedang Jahe
TRX955,UMKM125,expense,277000.0,Tunai,2024-03-07 18:52:36,Rendang Padang
TRX956,UMKM126,expense,127000.0,Transfer Mandiri,2024-09-06 09:03:17,Traktor Mini
TRX957,UMKM126,expense,266000.0,Tunai,2023-11-09 09:03:17,Mesin Pompa Air
TRX958,UMKM126,expense,296000.0,Transfer BNI,2024-05-11 09:03:17,Ubi Jalar
TRX959,UMKM127,income,1418000.0,OVO,2023-09-09 07:11:55,Pelatihan K3
TRX960,UMKM127,expense,775000.0,Transfer BNI,2023-05-30 07:11:55,Les Privat Matematika
TRX961,UMKM127,expense,197000.0,Cash,2022-09-10 07:11:55,Kursus Bahasa Inggris
TRX962,UMKM127,expense,863000.0,Cash,2022-05-05 07:11:55,
TRX963,UMKM127,income,136000.0,Dana,2023-08-16 07:11:55,Les Piano
TRX964,UMKM127,expense,943000.0,Transfer Mandiri,2023-04-24 07:11:55,
TRX965,UMKM128,income,88000.0,Transfer BCA,2025-03-09 23:52:18,Buku Bisnis Online
TRX966,UMKM128,income,991000.0,Transfer BRI,2024-01-01 23:52:18,Bimbel Bahasa Inggris
TRX967,UMKM128,income,209000.0,Gopay,2025-04-28 23:52:18,Bimbel Bahasa Inggris
TRX968,UMKM128,expense,691000.0,Transfer Mandiri,2024-09-19 23:52:18,Kursus Digital Marketing
TRX969,UMKM128,income,1229000.0,,2025-01-11 23:52:18,Buku Motivasi
TRX970,UMKM128,expense,929000.0,,2024-07-25 23:52:18,
TRX971,UMKM128,income,1224000.0,OVO,2024-12-19 23:52:18,Buku Bisnis Online
TRX972,UMKM128,income,878000.0,Transfer BCA,2025-05-20 23:52:18,Pelatihan K3
TRX973,UMKM129,income,3521000.0,Gopay,2024-03-10 09:10:44,Setup Server
TRX974,UMKM129,expense,2471000.0,Transfer Mandiri,2024-06-30 09:10:44,
TRX975,UMKM129,income,1043000.0,Pembayaran tunai,2023-02-13 09:10:44,Sistem ERP
TRX976,UMKM129,expense,3418000.0,Transfer Mandiri,2023-04-11 09:10:44,Sistem ERP
TRX977,UMKM129,income,270000.0,Transfer BRI,2024-08-27 09:10:44,Software Akuntansi
TRX978,UMKM129,income,2760000.0,Gopay,2024-02-15 09:10:44,Aplikasi Absensi
TRX979,UMKM129,income,1507000.0,Pembayaran tunai,2024-03-11 09:10:44,Setup Server
TRX980,UMKM129,income,3869000.0,Transfer BCA,2024-07-24 09:10:44,Aplikasi Absensi
TRX981,UMKM130,expense,195000.0,,2024-10-05 02:16:10,Pupuk KCl
TRX982,UMKM130,income,55000.0,,2024-08-02 02:16:10,Singkong Segar
TRX983,UMKM130,expense,233000.0,Transfer BNI,2025-01-22 02:16:10,Kacang Tanah
TRX984,UMKM130,income,64000.0,Dana,2023-12-24 02:16:10,Singkong Segar
TRX985,UMKM131,income,129000.0,Transfer BRI,2023-01-20 19:05:59,Kue Cubit
TRX986,UMKM131,expense,228000.0,,2023-02-02 19:05:59,Rendang Padang
TRX987,UMKM131,expense,210000.0,Tunai,2023-08-03 19:05:59,Matcha Latte
TRX988,UMKM131,income,273000.0,Gopay,2023-06-28 19:05:59,Kue Cubit
TRX989,UMKM131,expense,45000.0,Transfer Mandiri,2023-01-14 19:05:59,Dadar Gulung
TRX990,UMKM131,income,207000.0,Transfer BRI,2023-10-14 19:05:59,Kue Cubit
TRX991,UMKM131,expense,163000.0,Tunai,2023-03-04 19:05:59,Paket Nasi Box
TRX992,UMKM131,expense,178000.0,Cash,2023-03-14 19:05:59,Cireng Isi
TRX993,UMKM131,expense,118000.0,Transfer Mandiri,2023-05-17 19:05:59,
TRX994,UMKM131,expense,175000.0,Cash,2022-03-11 19:05:59,
TRX995,UMKM132,expense,788000.0,Transfer BNI,2023-12-03 07:55:32,Desain Feed Instagram
TRX996,UMKM132,income,412000.0,Transfer BCA,2023-03-05 07:55:32,Desain Banner
TRX997,UMKM132,income,2190000.0,Pembayaran tunai,2022-07-15 07:55:32,Event Launching Produk
TRX998,UMKM132,income,2693000.0,Gopay,2022-10-11 07:55:32,Servis Laptop
TRX999,UMKM132,expense,567000.0,,2023-12-12 07:55:32,Konsultasi Keuangan
TRX1000,UMKM132,expense,2273000.0,Tunai,2023-11-09 07:55:32,Seminar Nasional
TRX1001,UMKM132,income,2188000.0,,2023-01-24 07:55:32,
TRX1002,UMKM133,expense,124000.0,Cash,2022-01-24 18:52:31,Hiasan Dinding Batik
TRX1003,UMKM133,expense,488000.0,Transfer BNI,2023-01-04 18:52:31,Pot Tanah Liat
TRX1004,UMKM133,income,422000.0,Dana,2021-07-24 18:52:31,Kalung Macrame
TRX1005,UMKM133,income,203000.0,Transfer BRI,2021-09-27 18:52:31,Kalung Macrame
TRX1006,UMKM133,expense,204000.0,Transfer Mandiri,2022-07-23 18:52:31,Anting Resin
TRX1007,UMKM133,expense,397000.0,Tunai,2022-03-11 18:52:31,Tumbler Sablon
TRX1008,UMKM133,expense,444000.0,Cash,2022-10-18 18:52:31,Pot Ban Bekas
TRX1009,UMKM134,income,80000.0,,2025-02-15 10:13:25,Snack Box Meeting
TRX1010,UMKM134,income,125000.0,Pembayaran tunai,2025-05-28 10:13:25,Matcha Latte
TRX1011,UMKM134,expense,57000.0,Transfer Mandiri,2024-10-23 10:13:25,Gado-Gado
TRX1012,UMKM134,expense,79000.0,Transfer BNI,2025-10-05 10:13:25,Bolu Kukus
TRX1013,UMKM134,income,136000.0,OVO,2024-01-31 10:13:25,Catering Pernikahan
TRX1014,UMKM134,income,106000.0,-,2024-12-19 10:13:25,Paket Nasi Box
TRX1015,UMKM134,income,93000.0,Pembayaran tunai,2024-04-19 10:13:25,Paket Prasmanan
TRX1016,UMKM134,income,83000.0,Dana,2024-04-07 10:13:25,Snack Box Meeting
TRX1017,UMKM134,income,43000.0,Gopay,2025-02-06 10:13:25,Snack Box Meeting
TRX1018,UMKM134,income,95000.0,,2024-11-16 10:13:25,Matcha Latte
TRX1019,UMKM134,income,257000.0,Transfer BRI,2024-04-08 10:13:25,Paket Prasmanan
TRX1020,UMKM134,expense,242000.0,Tunai,2024-06-11 10:13:25,Mie Ayam Pangsit
TRX1021,UMKM134,income,293000.0,Transfer BRI,2024-06-30 10:13:25,Matcha Latte
TRX1022,UMKM134,income,234000.0,Transfer BRI,2024-10-11 10:13:25,Catering Pernikahan
TRX1023,UMKM134,income,294000.0,OVO,2024-04-02 10:13:25,Matcha Latte
TRX1024,UMKM134,income,170000.0,,2025-07-17 10:13:25,Matcha Latte
TRX1025,UMKM134,expense,166000.0,Transfer BNI,2025-04-29 10:13:25,Opak Angin
TRX1026,UMKM134,expense,82000.0,Tunai,2025-05-14 10:13:25,
TRX1027,UMKM135,income,3702000.0,Gopay,2023-07-17 23:58:10,App Pemesanan Online
TRX1028,UMKM135,income,659000.0,Pembayaran tunai,2024-02-21 23:58:10,App Pemesanan Online
TRX1029,UMKM135,expense,3941000.0,Tunai,2025-01-05 23:58:10,Aplikasi HR
TRX1030,UMKM135,income,3722000.0,Pembayaran tunai,2023-08-06 23:58:10,App Pemesanan Online
TRX1031,UMKM135,expense,2580000.0,,2025-04-07 23:58:10,PC Rakitan
TRX1032,UMKM135,income,2350000.0,OVO,2023-07-09 23:58:10,App Pemesanan Online
TRX1033,UMKM135,income,4944000.0,Transfer BRI,2024-08-01 23:58:10,App Pemesanan Online
TRX1034,UMKM136,income,107000.0,OVO,2022-09-19 03:04:52,Tas Kulit Mini
TRX1035,UMKM136,income,410000.0,Transfer BCA,2023-04-02 03:04:52,Tas Kulit Mini
TRX1036,UMKM136,expense,569000.0,Transfer BNI,2022-06-26 03:04:52,Setelan Anak Lucu
TRX1037,UMKM136,income,125000.0,Pembayaran tunai,2022-05-18 03:04:52,Gelang Perak
TRX1038,UMKM136,expense,367000.0,Cash,2023-11-19 03:04:52,Kaos Anak Motif
TRX1039,UMKM136,expense,522000.0,Transfer Mandiri,2022-04-06 03:04:52,Blouse Wanita
TRX1040,UMKM136,income,512000.0,Transfer BCA,2022-07-05 03:04:52,Tas Kulit Mini
TRX1041,UMKM137,income,127000.0,Transfer BRI,2024-04-10 03:09:44,Tour Domestik
TRX1042,UMKM137,income,166000.0,Transfer BCA,2025-04-28 03:09:44,Ganti Oli Motor
TRX1043,UMKM137,income,805000.0,OVO,2025-03-24 03:09:44,Tour Domestik
TRX1044,UMKM137,expense,1753000.0,Tunai,2024-02-11 03:09:44,Cuci Mobil
TRX1045,UMKM137,expense,637000.0,Tunai,2024-09-01 03:09:44,Paket Wisata Bali
TRX1046,UMKM137,expense,207000.0,Transfer BNI,2025-04-26 03:09:44,
TRX1047,UMKM137,income,1370000.0,Dana,2025-08-22 03:09:44,Tour Domestik
TRX1048,UMKM137,income,1819000.0,,2024-01-15 03:09:44,Tune Up Mobil
TRX1049,UMKM138,expense,469000.0,Transfer Mandiri,2024-02-11 21:23:34,Konsultasi Marketing
TRX1050,UMKM138,income,2619000.0,,2023-09-07 21:23:34,Voice Over
TRX1051,UMKM138,income,2533000.0,Transfer BRI,2024-09-05 21:23:34,Seminar Nasional
TRX1052,UMKM138,income,2176000.0,Dana,2024-10-09 21:23:34,Data Entry
TRX1053,UMKM138,expense,1674000.0,,2024-04-15 21:23:34,Paket Pernikahan
TRX1054,UMKM139,income,997000.0,,2023-01-28 13:13:40,Paket Umroh
TRX1055,UMKM139,income,1238000.0,,2022-09-28 13:13:40,Sewa Minibus
TRX1056,UMKM139,expense,1185000.0,Transfer Mandiri,2022-08-02 13:13:40,Sewa Pickup
TRX1057,UMKM139,expense,1671000.0,Tunai,2022-01-19 13:13:40,
TRX1058,UMKM140,income,268000.0,Gopay,2023-04-12 15:21:17,Desain Undangan
TRX1059,UMKM140,expense,1942000.0,Cash,2023-05-17 15:21:17,
TRX1060,UMKM140,income,2441000.0,Dana,2022-07-10 15:21:17,Konsultasi Marketing
TRX1061,UMKM140,income,2769000.0,Dana,2021-09-22 15:21:17,Desain Banner
TRX1062,UMKM140,income,871000.0,Gopay,2022-04-05 15:21:17,Konsultasi Hukum
TRX1063,UMKM140,expense,1416000.0,Transfer BNI,2022-11-05 15:21:17,Konsultasi Bisnis
TRX1064,UMKM140,income,2578000.0,Dana,2022-02-11 15:21:17,Konsultasi Hukum
TRX1065,UMKM140,income,2048000.0,,2022-01-04 15:21:17,Konsultasi Hukum
TRX1066,UMKM140,income,2153000.0,Pembayaran tunai,2021-08-20 15:21:17,Konsultasi Hukum
TRX1067,UMKM140,income,717000.0,Pembayaran tunai,2023-02-18 15:21:17,Desain Logo
TRX1068,UMKM141,expense,36000.0,Transfer Mandiri,2021-08-30 04:02:26,Bolu Kukus
TRX1069,UMKM141,income,235000.0,Pembayaran tunai,2023-05-14 04:02:26,Klepon
TRX1070,UMKM141,income,57000.0,Transfer BRI,2022-06-28 04:02:26,Klepon
TRX1071,UMKM141,income,180000.0,,2023-03-18 04:02:26,Bolu Kukus
TRX1072,UMKM141,expense,48000.0,Cash,2023-02-24 04:02:26,Seblak Kering
TRX1073,UMKM141,income,263000.0,Pembayaran tunai,2022-07-30 04:02:26,Klepon
TRX1074,UMKM141,expense,93000.0,,2022-11-14 04:02:26,Catering Pernikahan
TRX1075,UMKM141,income,25000.0,OVO,2023-03-01 04:02:26,
TRX1076,UMKM141,expense,131000.0,Transfer Mandiri,2022-12-24 04:02:26,Pudding Coklat
TRX1077,UMKM141,income,229000.0,Pembayaran tunai,2023-05-24 04:02:26,Bolu Kukus
TRX1078,UMKM141,expense,229000.0,,2022-01-27 04:02:26,Kue Cubit
TRX1079,UMKM141,expense,273000.0,,2022-01-20 04:02:26,Opak Angin
TRX1080,UMKM141,income,272000.0,Transfer BRI,2022-11-10 04:02:26,Klepon
TRX1081,UMKM141,income,86000.0,Dana,2023-05-20 04:02:26,Bolu Kukus
TRX1082,UMKM141,expense,191000.0,Tunai,2023-04-04 04:02:26,
TRX1083,UMKM141,expense,195000.0,,2022-03-24 04:02:26,Teh Tarik
TRX1084,UMKM141,expense,149000.0,Tunai,2021-12-24 04:02:26,Brownies Kukus
TRX1085,UMKM141,expense,203000.0,Transfer Mandiri,2022-11-19 04:02:26,Pecel Lele
TRX1086,UMKM142,income,219000.0,OVO,2025-02-19 18:39:55,Pupuk KCl
TRX1087,UMKM142,income,183000.0,Transfer BCA,2023-07-29 18:39:55,Pupuk KCl
TRX1088,UMKM142,expense,36000.0,Tunai,2025-01-18 18:39:55,Pupuk Organik Cair
TRX1089,UMKM142,income,181000.0,Gopay,2024-05-29 18:39:55,Sprayer Hama
TRX1090,UMKM142,income,43000.0,Gopay,2024-10-01 18:39:55,Sprayer Hama
TRX1091,UMKM142,expense,178000.0,Cash,2024-12-07 18:39:55,Bibit Cabai Rawit
TRX1092,UMKM143,income,874000.0,Dana,2022-09-27 19:27:46,Sistem ERP
TRX1093,UMKM143,expense,4670000.0,Cash,2021-04-20 19:27:46,PC Rakitan
TRX1094,UMKM143,income,3266000.0,Gopay,2022-08-26 19:27:46,Instalasi CCTV
TRX1095,UMKM143,expense,2427000.0,Transfer Mandiri,2021-09-19 19:27:46,Sistem Irigasi Otomatis
TRX1096,UMKM143,expense,2164000.0,Transfer Mandiri,2021-05-28 19:27:46,IT Support Bulanan
TRX1097,UMKM144,expense,395000.0,Transfer Mandiri,2022-11-18 11:27:22,Bando Kain
TRX1098,UMKM144,income,461000.0,Dana,2023-01-20 11:27:22,
TRX1099,UMKM144,income,361000.0,Dana,2024-03-02 11:27:22,Cermin Ukir
TRX1100,UMKM144,income,489000.0,OVO,2023-01-10 11:27:22,Hiasan Dinding Batik
TRX1101,UMKM144,expense,333000.0,Transfer BNI,2023-09-28 11:27:22,Tumbler Sablon
TRX1102,UMKM144,income,472000.0,Pembayaran tunai,2023-07-26 11:27:22,Cermin Ukir
TRX1103,UMKM144,income,101000.0,Transfer BCA,2023-11-04 11:27:22,Cermin Ukir
TRX1104,UMKM145,expense,1465000.0,Tunai,2021-11-22 18:29:20,Desain Undangan
TRX1105,UMKM145,expense,433000.0,Transfer BNI,2023-07-20 18:29:20,Data Entry
TRX1106,UMKM145,expense,2486000.0,Transfer BNI,2023-03-08 18:29:20,
TRX1107,UMKM145,income,2818000.0,Transfer BCA,2021-11-10 18:29:20,Penerjemah Dokumen
TRX1108,UMKM145,income,679000.0,Transfer BRI,2022-03-22 18:29:20,Penerjemah Dokumen
TRX1109,UMKM146,expense,2965000.0,Tunai,2022-03-10 00:11:39,Pembuatan Website
TRX1110,UMKM146,income,2641000.0,Transfer BRI,2022-08-08 00:11:39,IT Support Bulanan
TRX1111,UMKM146,expense,3310000.0,Tunai,2021-11-26 00:11:39,Aplikasi Inventory
TRX1112,UMKM146,expense,1156000.0,Transfer BNI,2021-10-30 00:11:39,
TRX1113,UMKM146,expense,4974000.0,Transfer Mandiri,2023-05-14 00:11:39,Scanner Barcode
TRX1114,UMKM146,income,794000.0,,2021-07-20 00:11:39,IT Support Bulanan
TRX1115,UMKM147,income,183000.0,OVO,2022-08-06 14:13:34,Cermin Ukir
TRX1116,UMKM147,expense,311000.0,Tunai,2023-01-01 14:13:34,Pot Tanah Liat
TRX1117,UMKM147,income,217000.0,Pembayaran tunai,2023-03-19 14:13:34,Cermin Ukir
TRX1118,UMKM148,income,2790000.0,Transfer BRI,2024-07-25 05:48:26,Monitoring Listrik IoT
TRX1119,UMKM148,expense,1146000.0,Transfer BNI,2024-09-28 05:48:26,PC Rakitan
TRX1120,UMKM148,income,4412000.0,Gopay,2024-02-11 05:48:26,Scanner Barcode
TRX1121,UMKM148,income,865000.0,Pembayaran tunai,2024-11-06 05:48:26,Scanner Barcode
TRX1122,UMKM149,income,711000.0,,2022-04-26 03:41:44,Slip On Polos
TRX1123,UMKM149,income,736000.0,Dana,2022-03-26 03:41:44,Heels Wanita
TRX1124,UMKM149,expense,483000.0,Transfer Mandiri,2023-03-04 03:41:44,Topi Baseball
TRX1125,UMKM149,income,570000.0,Transfer BRI,2022-09-05 03:41:44,Dress Anak Pesta
TRX1126,UMKM149,income,420000.0,Gopay,2021-10-29 03:41:44,Sepatu Boots
TRX1127,UMKM149,income,68000.0,,2022-12-07 03:41:44,
TRX1128,UMKM149,expense,421000.0,Tunai,2021-06-28 03:41:44,Sandal Casual
TRX1129,UMKM149,expense,366000.0,Cash,2023-02-21 03:41:44,Atasan Motif
TRX1130,UMKM150,income,3453000.0,Transfer BRI,2023-01-01 02:53:17,Jual Rumah KPR
TRX1131,UMKM150,income,4009000.0,Transfer BCA,2022-05-21 02:53:17,Renovasi Dapur
TRX1132,UMKM150,expense,6098000.0,,2021-11-05 02:53:17,Sewa Gedung Event
TRX1133,UMKM151,income,1045000.0,OVO,2024-04-10 14:38:20,Kursus Menjahit
TRX1134,UMKM151,expense,443000.0,Tunai,2024-05-09 14:38:20,Buku Resep Masakan
TRX1135,UMKM151,income,513000.0,Transfer BRI,2024-03-17 14:38:20,Kursus Menjahit
TRX1136,UMKM151,income,331000.0,Gopay,2024-01-07 14:38:20,Kursus Komputer
TRX1137,UMKM152,expense,104000.0,Transfer Mandiri,2024-02-19 13:19:43,Hiasan Dinding Batik
TRX1138,UMKM152,expense,64000.0,,2023-11-10 13:19:43,Kotak Perhiasan Kayu
TRX1139,UMKM152,expense,176000.0,,2023-11-13 13:19:43,Lampu Botol Kaca
TRX1140,UMKM152,income,457000.0,Pembayaran tunai,2023-08-03 13:19:43,Kotak Perhiasan Kayu
TRX1141,UMKM152,income,428000.0,Gopay,2022-09-11 13:19:43,Kotak Perhiasan Kayu
TRX1142,UMKM153,expense,153000.0,Cash,2023-04-16 14:40:12,Cardigan Wanita
TRX1143,UMKM153,income,569000.0,Gopay,2022-06-25 14:40:12,Dress Casual
TRX1144,UMKM153,expense,839000.0,Transfer BNI,2023-02-26 14:40:12,Heels Wanita
TRX1145,UMKM153,income,602000.0,,2022-09-07 14:40:12,Setelan Anak Lucu
TRX1146,UMKM153,expense,905000.0,Transfer BNI,2022-10-07 14:40:12,Rok Midi
TRX1147,UMKM153,expense,806000.0,Tunai,2022-12-14 14:40:12,Sepatu Formal Pria
TRX1148,UMKM153,income,954000.0,Dana,2023-05-02 14:40:12,Dress Casual
TRX1149,UMKM153,income,589000.0,Gopay,2023-10-05 14:40:12,Kaos Polos Pria
TRX1150,UMKM153,income,88000.0,Dana,2022-02-01 14:40:12,Kaos Polos Pria
TRX1151,UMKM153,income,727000.0,Pembayaran tunai,2023-03-10 14:40:12,
TRX1152,UMKM154,income,182000.0,Pembayaran tunai,2023-06-29 07:14:05,Bibit Jagung Hibrida
TRX1153,UMKM154,income,77000.0,Dana,2022-02-26 07:14:05,Pupuk Organik Cair
TRX1154,UMKM154,income,202000.0,,2022-11-18 07:14:05,Bibit Jagung Hibrida
TRX1155,UMKM155,income,93000.0,Dana,2023-07-05 15:29:46,Paket Spa Relaksasi
TRX1156,UMKM155,expense,98000.0,Tunai,2023-10-11 15:29:46,
TRX1157,UMKM155,income,107000.0,Dana,2023-05-26 15:29:46,Paket Spa Relaksasi
TRX1158,UMKM155,income,440000.0,,2023-06-12 15:29:46,Lulur Badan
TRX1159,UMKM156,income,89000.0,OVO,2023-08-10 08:50:58,Paket Prasmanan
TRX1160,UMKM156,income,229000.0,,2024-07-14 08:50:58,Paket Prasmanan
TRX1161,UMKM156,income,27000.0,Gopay,2023-09-28 08:50:58,Kopi Susu
TRX1162,UMKM156,income,215000.0,,2024-08-08 08:50:58,Wedang Jahe
TRX1163,UMKM156,expense,191000.0,Transfer Mandiri,2025-06-10 08:50:58,Pudding Coklat
TRX1164,UMKM156,income,126000.0,OVO,2024-03-24 08:50:58,Paket Prasmanan
TRX1165,UMKM156,income,232000.0,-,2024-08-02 08:50:58,
TRX1166,UMKM156,income,150000.0,Dana,2023-12-18 08:50:58,
TRX1167,UMKM156,expense,234000.0,Transfer BNI,2024-10-22 08:50:58,Klepon
TRX1168,UMKM156,expense,124000.0,Transfer BNI,2023-12-08 08:50:58,Soto Ayam
TRX1169,UMKM156,expense,278000.0,Transfer Mandiri,2023-09-12 08:50:58,
TRX1170,UMKM156,expense,127000.0,Transfer Mandiri,2024-08-06 08:50:58,Es Boba
TRX1171,UMKM156,expense,163000.0,Cash,2025-02-09 08:50:58,Keripik Singkong Pedas
TRX1172,UMKM156,income,245000.0,Dana,2023-11-12 08:50:58,Wedang Jahe
TRX1173,UMKM156,income,104000.0,Dana,2023-09-08 08:50:58,Wedang Jahe
TRX1174,UMKM156,income,193000.0,,2023-10-15 08:50:58,Paket Prasmanan
TRX1175,UMKM156,income,297000.0,Pembayaran tunai,2025-01-31 08:50:58,Matcha Latte
TRX1176,UMKM157,expense,3709000.0,Transfer Mandiri,2024-10-30 02:19:36,App Pemesanan Online
TRX1177,UMKM157,income,3882000.0,OVO,2023-06-13 02:19:36,Website Company Profile
TRX1178,UMKM157,income,2408000.0,Gopay,2024-10-19 02:19:36,Platform E-commerce
TRX1179,UMKM157,income,3228000.0,,2024-02-23 02:19:36,Sistem ERP
TRX1180,UMKM157,expense,4219000.0,,2024-05-01 02:19:36,
TRX1181,UMKM157,expense,4420000.0,Cash,2024-09-08 02:19:36,Sistem ERP
TRX1182,UMKM157,expense,3529000.0,Tunai,2023-04-30 02:19:36,
TRX1183,UMKM157,income,1427000.0,Dana,2023-03-13 02:19:36,Laptop Refurbished
TRX1184,UMKM157,expense,1735000.0,Transfer BNI,2024-01-26 02:19:36,
TRX1185,UMKM158,income,1690000.0,,2024-02-11 19:58:18,Ganti Oli Motor
TRX1186,UMKM158,income,1288000.0,Pembayaran tunai,2023-12-17 19:58:18,Ganti Oli Motor
TRX1187,UMKM158,expense,333000.0,Tunai,2024-04-27 19:58:18,Antar Jemput Sekolah
TRX1188,UMKM158,expense,1837000.0,Transfer BNI,2024-11-20 19:58:18,Sewa Pickup
TRX1189,UMKM158,income,562000.0,Transfer BRI,2024-08-19 19:58:18,Ganti Oli Motor
TRX1190,UMKM159,income,31000.0,,2023-03-10 17:01:10,Bolu Kukus
TRX1191,UMKM159,income,251000.0,OVO,2024-01-29 17:01:10,Kue Cubit
TRX1192,UMKM159,income,195000.0,Transfer BRI,2024-02-20 17:01:10,Kue Cubit
TRX1193,UMKM159,expense,288000.0,,2023-09-10 17:01:10,
TRX1194,UMKM159,expense,57000.0,Transfer Mandiri,2023-01-19 17:01:10,Klepon
TRX1195,UMKM159,income,269000.0,Transfer BRI,2024-04-20 17:01:10,Keripik Singkong Pedas
TRX1196,UMKM159,expense,68000.0,,2023-05-09 17:01:10,Bolu Kukus
TRX1197,UMKM159,income,150000.0,Dana,2022-09-19 17:01:10,Bolu Kukus
TRX1198,UMKM159,income,47000.0,Transfer BCA,2023-07-22 17:01:10,Keripik Singkong Pedas
TRX1199,UMKM159,expense,87000.0,Cash,2023-08-08 17:01:10,Nasi Goreng Spesial
TRX1200,UMKM159,income,144000.0,Pembayaran tunai,2023-12-24 17:01:10,Kue Cubit
TRX1201,UMKM159,expense,235000.0,Tunai,2023-11-30 17:01:10,Snack Box Meeting
TRX1202,UMKM159,income,267000.0,Transfer BRI,2024-01-23 17:01:10,Seblak Kering
TRX1203,UMKM159,income,80000.0,Pembayaran tunai,2022-08-24 17:01:10,Kue Cubit
TRX1204,UMKM159,income,228000.0,,2023-12-27 17:01:10,Keripik Singkong Pedas
TRX1205,UMKM160,income,237000.0,Gopay,2024-05-22 12:58:37,Kursus Komputer
TRX1206,UMKM160,income,504000.0,Transfer BCA,2024-01-01 12:58:37,Pelatihan Barista
TRX1207,UMKM160,income,973000.0,,2024-10-20 12:58:37,Kursus Public Speaking
TRX1208,UMKM160,income,765000.0,Gopay,2024-05-25 12:58:37,Buku TOEFL
TRX1209,UMKM160,expense,104000.0,Transfer Mandiri,2025-04-16 12:58:37,
TRX1210,UMKM160,expense,899000.0,,2024-07-27 12:58:37,Workshop Fotografi
TRX1211,UMKM160,income,159000.0,,2024-12-17 12:58:37,Kursus Komputer
TRX1212,UMKM161,income,212000.0,Transfer BRI,2022-12-20 16:05:57,Beras Premium 5kg
TRX1213,UMKM161,income,267000.0,Gopay,2022-10-29 16:05:57,Singkong Segar
TRX1214,UMKM161,expense,201000.0,Tunai,2023-12-16 16:05:57,Singkong Segar
TRX1215,UMKM161,expense,130000.0,Cash,2023-07-02 16:05:57,
TRX1216,UMKM162,income,202000.0,Pembayaran tunai,2024-08-19 02:02:03,
TRX1217,UMKM162,expense,46000.0,Cash,2025-04-03 02:02:03,Es Krim Lokal
TRX1218,UMKM162,income,196000.0,Dana,2025-08-12 02:02:03,Matcha Latte
TRX1219,UMKM162,expense,119000.0,,2024-06-12 02:02:03,Catering Kantor
TRX1220,UMKM162,income,19000.0,OVO,2025-03-17 02:02:03,Es Boba
TRX1221,UMKM162,expense,168000.0,Transfer BNI,2024-08-02 02:02:03,Klepon
TRX1222,UMKM162,expense,55000.0,Transfer BNI,2024-02-14 02:02:03,Pudding Coklat
TRX1223,UMKM162,income,176000.0,Transfer BRI,2025-05-03 02:02:03,Jus Alpukat
TRX1224,UMKM162,income,79000.0,,2025-05-13 02:02:03,Wedang Jahe
TRX1225,UMKM162,expense,75000.0,Tunai,2025-08-13 02:02:03,Seblak Kering
TRX1226,UMKM162,income,24000.0,Transfer BCA,2024-07-27 02:02:03,Teh Tarik
TRX1227,UMKM162,expense,151000.0,,2023-10-29 02:02:03,
TRX1228,UMKM162,expense,246000.0,,2024-04-05 02:02:03,Keripik Singkong Pedas
TRX1229,UMKM162,expense,76000.0,Transfer BNI,2025-08-28 02:02:03,Klepon
TRX1230,UMKM163,income,403000.0,Transfer BRI,2024-05-18 02:29:22,Kursi Roda Lipat
TRX1231,UMKM163,income,376000.0,,2025-05-08 02:29:22,Kursi Roda Lipat
TRX1232,UMKM163,expense,255000.0,Tunai,2025-05-21 02:29:22,Temulawak Kapsul
TRX1233,UMKM163,income,244000.0,Transfer BRI,2024-10-11 02:29:22,Kursi Roda Lipat
TRX1234,UMKM163,income,330000.0,Transfer BCA,2024-08-19 02:29:22,Kursi Roda Lipat
TRX1235,UMKM163,expense,17000.0,Tunai,2024-01-30 02:29:22,
TRX1236,UMKM164,expense,45000.0,,2023-12-25 18:38:15,Opak Angin
TRX1237,UMKM164,income,14000.0,,2022-09-21 18:38:15,Nasi Padang
TRX1238,UMKM164,expense,136000.0,Transfer BNI,2023-01-27 18:38:15,Risol Mayo
TRX1239,UMKM164,income,115000.0,Transfer BRI,2023-12-29 18:38:15,Nasi Padang
TRX1240,UMKM164,income,81000.0,,2022-12-21 18:38:15,Matcha Latte
TRX1241,UMKM164,income,285000.0,Pembayaran tunai,2023-11-10 18:38:15,Nasi Padang
TRX1242,UMKM164,expense,275000.0,Cash,2024-05-05 18:38:15,Nasi Padang
TRX1243,UMKM164,expense,221000.0,Transfer BNI,2023-11-18 18:38:15,Catering Pernikahan
TRX1244,UMKM164,income,61000.0,Pembayaran tunai,2023-01-17 18:38:15,Kue Cubit
TRX1245,UMKM164,income,152000.0,,2022-07-29 18:38:15,Kue Cubit
TRX1246,UMKM164,income,126000.0,Pembayaran tunai,2023-06-15 18:38:15,Kue Cubit
TRX1247,UMKM164,income,159000.0,Pembayaran tunai,2023-05-14 18:38:15,Nasi Padang
TRX1248,UMKM164,expense,67000.0,Cash,2023-04-02 18:38:15,Gado-Gado
TRX1249,UMKM164,income,29000.0,Transfer BCA,2023-11-27 18:38:15,Matcha Latte
TRX1250,UMKM164,income,127000.0,OVO,2023-03-03 18:38:15,Matcha Latte
TRX1251,UMKM164,income,219000.0,Transfer BRI,2022-07-01 18:38:15,Matcha Latte
TRX1252,UMKM164,income,239000.0,Dana,2023-08-10 18:38:15,
TRX1253,UMKM165,expense,114000.0,,2025-01-29 14:01:44,Gelang Perak
TRX1254,UMKM165,income,163000.0,Pembayaran tunai,2024-05-04 14:01:44,Rok Midi
TRX1255,UMKM165,expense,906000.0,,2024-01-05 14:01:44,
TRX1256,UMKM165,income,976000.0,Gopay,2024-08-29 14:01:44,Rok Midi
TRX1257,UMKM165,income,561000.0,OVO,2025-06-28 14:01:44,Rok Midi
TRX1258,UMKM165,expense,661000.0,Transfer BNI,2025-06-07 14:01:44,Sepatu Boots
TRX1259,UMKM165,income,598000.0,OVO,2025-07-31 14:01:44,Rok Midi
TRX1260,UMKM165,expense,66000.0,Cash,2025-06-25 14:01:44,
TRX1261,UMKM165,expense,697000.0,Tunai,2025-06-20 14:01:44,Celana Pendek Anak
TRX1262,UMKM166,income,577000.0,Dana,2023-11-08 13:05:17,Sepatu Boots
TRX1263,UMKM166,income,638000.0,,2023-12-28 13:05:17,Cardigan Wanita
TRX1264,UMKM166,expense,297000.0,Cash,2023-11-01 13:05:17,
TRX1265,UMKM166,income,785000.0,OVO,2023-10-22 13:05:17,Kemeja Pria Casual
TRX1266,UMKM166,expense,197000.0,Transfer Mandiri,2024-07-03 13:05:17,Kaos Anak Motif
TRX1267,UMKM166,expense,348000.0,,2023-07-14 13:05:17,Tas Kulit Mini
TRX1268,UMKM166,income,489000.0,OVO,2024-03-05 13:05:17,Cardigan Wanita
TRX1269,UMKM166,expense,51000.0,Tunai,2025-01-13 13:05:17,
TRX1270,UMKM166,income,679000.0,Dana,2024-10-24 13:05:17,Kemeja Pria Casual
TRX1271,UMKM166,income,411000.0,Transfer BCA,2023-07-09 13:05:17,Heels Wanita
TRX1272,UMKM166,income,296000.0,OVO,2025-03-18 13:05:17,Sepatu Boots
TRX1273,UMKM167,expense,634000.0,Transfer Mandiri,2024-08-19 20:44:17,Dompet Wanita
TRX1274,UMKM167,expense,476000.0,,2023-02-01 20:44:17,Dompet Wanita
TRX1275,UMKM167,expense,241000.0,Transfer Mandiri,2023-02-07 20:44:17,Slip On Polos
TRX1276,UMKM167,income,730000.0,,2022-12-13 20:44:17,Cardigan Wanita
TRX1277,UMKM167,income,734000.0,,2022-10-30 20:44:17,Anting Mutiara
TRX1278,UMKM167,expense,137000.0,,2024-02-27 20:44:17,Kaos Anak Motif
TRX1279,UMKM167,income,586000.0,Pembayaran tunai,2023-03-16 20:44:17,Topi Baseball
TRX1280,UMKM167,income,419000.0,OVO,2023-07-21 20:44:17,Anting Mutiara
TRX1281,UMKM168,expense,59000.0,,2023-06-18 21:21:19,Tas Plastik Daur Ulang
TRX1282,UMKM168,expense,294000.0,Transfer Mandiri,2024-10-22 21:21:19,Tumbler Sablon
TRX1283,UMKM168,income,303000.0,Dana,2024-03-27 21:21:19,Kalung Macrame
TRX1284,UMKM168,expense,284000.0,Cash,2024-01-21 21:21:19,Mug Foto
TRX1285,UMKM168,income,427000.0,Transfer BRI,2023-08-07 21:21:19,Kursi Pallet Bekas
TRX1286,UMKM168,expense,284000.0,Cash,2024-04-09 21:21:19,Tumbler Sablon
TRX1287,UMKM168,expense,308000.0,,2023-11-03 21:21:19,Kalung Macrame
TRX1288,UMKM169,income,15000.0,OVO,2024-01-30 09:10:11,Wedang Jahe
TRX1289,UMKM169,income,204000.0,OVO,2023-03-23 09:10:11,Wedang Jahe
TRX1290,UMKM169,income,245000.0,Dana,2024-10-24 09:10:11,Wedang Jahe
TRX1291,UMKM169,income,27000.0,Transfer BCA,2023-05-21 09:10:11,Wedang Jahe
TRX1292,UMKM169,income,203000.0,Gopay,2024-02-07 09:10:11,Wedang Jahe
TRX1293,UMKM169,expense,196000.0,,2023-04-15 09:10:11,Es Teh Manis
TRX1294,UMKM169,expense,134000.0,Tunai,2023-09-21 09:10:11,Paket Prasmanan
TRX1295,UMKM169,expense,13000.0,,2023-12-06 09:10:11,Seblak Kering
TRX1296,UMKM169,income,187000.0,,2025-01-29 09:10:11,Wedang Jahe
TRX1297,UMKM169,expense,39000.0,,2024-05-16 09:10:11,Lontong Sayur
TRX1298,UMKM170,income,181000.0,OVO,2023-06-12 12:31:37,Catering Pernikahan
TRX1299,UMKM170,income,128000.0,Transfer BCA,2022-12-31 12:31:37,Dadar Gulung
TRX1300,UMKM170,expense,58000.0,,2022-05-26 12:31:37,Klepon
TRX1301,UMKM170,income,175000.0,OVO,2022-12-31 12:31:37,Wedang Jahe
TRX1302,UMKM170,income,73000.0,Gopay,2022-08-07 12:31:37,Wedang Jahe
TRX1303,UMKM170,income,27000.0,,2022-08-26 12:31:37,Dadar Gulung
TRX1304,UMKM170,income,185000.0,Pembayaran tunai,2021-08-26 12:31:37,Paket Prasmanan
TRX1305,UMKM170,income,284000.0,Transfer BCA,2022-09-12 12:31:37,Dadar Gulung
TRX1306,UMKM170,income,178000.0,Transfer BCA,2022-02-21 12:31:37,Wedang Jahe
TRX1307,UMKM170,income,94000.0,OVO,2023-05-06 12:31:37,Paket Prasmanan
TRX1308,UMKM170,expense,242000.0,,2021-10-27 12:31:37,
TRX1309,UMKM170,income,250000.0,OVO,2021-10-30 12:31:37,Catering Kantor
TRX1310,UMKM170,expense,98000.0,Tunai,2022-09-03 12:31:37,Es Krim Lokal
TRX1311,UMKM170,income,74000.0,Gopay,2021-10-01 12:31:37,Wedang Jahe
TRX1312,UMKM170,expense,37000.0,Transfer Mandiri,2022-01-06 12:31:37,Nasi Padang
TRX1313,UMKM170,expense,239000.0,Transfer Mandiri,2022-03-04 12:31:37,Rendang Padang
TRX1314,UMKM170,expense,23000.0,Transfer Mandiri,2022-06-10 12:31:37,
TRX1315,UMKM171,income,650000.0,Transfer BCA,2021-07-03 20:19:50,Driver Harian
TRX1316,UMKM171,income,462000.0,Pembayaran tunai,2022-12-03 20:19:50,Cuci Mobil
TRX1317,UMKM171,income,139000.0,,2022-10-02 20:19:50,Driver Harian
TRX1318,UMKM171,income,1670000.0,OVO,2022-08-10 20:19:50,Cuci Mobil
TRX1319,UMKM171,expense,458000.0,Tunai,2021-04-28 20:19:50,Sewa Mobil Harian
TRX1320,UMKM172,income,1864000.0,Dana,2023-04-15 17:36:17,Pengiriman Barang Kota
TRX1321,UMKM172,expense,135000.0,,2024-02-03 17:36:17,Gudang Sewa
TRX1322,UMKM172,income,696000.0,,2024-02-20 17:36:17,Sewa Minibus
TRX1323,UMKM172,income,1961000.0,OVO,2022-08-15 17:36:17,Cuci Mobil
TRX1324,UMKM172,income,685000.0,OVO,2023-03-23 17:36:17,Jasa Titip Belanja
TRX1325,UMKM172,expense,1105000.0,-,2024-02-23 17:36:17,Pengiriman Barang Kota
TRX1326,UMKM173,income,1731000.0,Gopay,2023-05-01 06:08:13,Servis Kulkas
TRX1327,UMKM173,expense,2324000.0,,2022-01-18 06:08:13,
TRX1328,UMKM173,income,2039000.0,Gopay,2022-10-10 06:08:13,Servis Laptop
TRX1329,UMKM173,income,1137000.0,OVO,2022-03-06 06:08:13,Penulisan Artikel SEO
TRX1330,UMKM173,expense,249000.0,Transfer Mandiri,2023-06-06 06:08:13,
TRX1331,UMKM173,income,2749000.0,Pembayaran tunai,2023-03-18 06:08:13,Servis Laptop
TRX1332,UMKM173,income,882000.0,Pembayaran tunai,2021-07-30 06:08:13,Servis Laptop
TRX1333,UMKM173,income,1271000.0,OVO,2022-03-27 06:08:13,Penulisan Artikel SEO
TRX1334,UMKM173,income,1562000.0,OVO,2022-12-25 06:08:13,Servis Laptop
TRX1335,UMKM174,expense,456000.0,,2023-02-22 09:23:15,Kursi Roda Lipat
TRX1336,UMKM174,income,414000.0,,2023-07-23 09:23:15,Tensimeter Digital
TRX1337,UMKM174,income,39000.0,Pembayaran tunai,2022-08-10 09:23:15,Pulse Oximeter
TRX1338,UMKM174,income,458000.0,Transfer BCA,2024-01-25 09:23:15,Pulse Oximeter
TRX1339,UMKM174,income,350000.0,Transfer BCA,2022-07-06 09:23:15,Thermometer Infrared
TRX1340,UMKM174,income,184000.0,OVO,2023-07-16 09:23:15,Tensimeter Digital
TRX1341,UMKM175,expense,329000.0,,2024-10-09 13:37:46,Kemeja Pria Casual
TRX1342,UMKM175,expense,177000.0,Cash,2023-12-06 13:37:46,Kemeja Pria Casual
TRX1343,UMKM175,income,868000.0,Pembayaran tunai,2024-07-09 13:37:46,Sepatu Boots
TRX1344,UMKM175,expense,426000.0,,2024-01-19 13:37:46,Jaket Bomber Pria
TRX1345,UMKM175,expense,497000.0,,2024-02-06 13:37:46,Jaket Bomber Pria
TRX1346,UMKM175,income,960000.0,Gopay,2023-01-20 13:37:46,Dress Casual
TRX1347,UMKM175,income,459000.0,OVO,2024-01-30 13:37:46,Tunik Polos
TRX1348,UMKM175,income,811000.0,Transfer BRI,2024-03-02 13:37:46,Dress Casual
TRX1349,UMKM175,income,500000.0,Gopay,2023-04-29 13:37:46,Sepatu Boots
TRX1350,UMKM175,income,966000.0,,2023-08-07 13:37:46,Tunik Polos
TRX1351,UMKM175,expense,445000.0,Tunai,2023-03-11 13:37:46,Kaos Anak Motif
TRX1352,UMKM175,income,397000.0,,2023-01-28 13:37:46,Tunik Polos
TRX1353,UMKM176,expense,241000.0,Cash,2023-11-18 02:24:59,Kaos Polos Pria
TRX1354,UMKM176,income,558000.0,Gopay,2024-04-17 02:24:59,Celana Chino Pria
TRX1355,UMKM176,expense,758000.0,,2024-12-05 02:24:59,Sepatu Formal Pria
TRX1356,UMKM176,income,559000.0,,2024-07-05 02:24:59,Polo Shirt Pria
TRX1357,UMKM176,expense,426000.0,Tunai,2024-07-19 02:24:59,Sepatu Formal Pria
TRX1358,UMKM176,expense,996000.0,Transfer Mandiri,2023-12-09 02:24:59,Sandal Casual
TRX1359,UMKM176,expense,866000.0,,2024-05-15 02:24:59,Dress Anak Pesta
TRX1360,UMKM176,expense,581000.0,Cash,2025-02-19 02:24:59,Celana Panjang Pria
TRX1361,UMKM177,income,1192000.0,Transfer BCA,2023-09-25 14:10:29,Servis HP
TRX1362,UMKM177,expense,438000.0,Transfer BNI,2024-04-07 14:10:29,Paket Pernikahan
TRX1363,UMKM177,income,1838000.0,OVO,2022-11-16 14:10:29,Servis Laptop
TRX1364,UMKM177,expense,423000.0,Transfer Mandiri,2023-06-02 14:10:29,Konsultasi Pajak
TRX1365,UMKM177,expense,1863000.0,Transfer BNI,2024-07-23 14:10:29,
TRX1366,UMKM177,income,2567000.0,,2023-06-09 14:10:29,Servis Mesin Cuci
TRX1367,UMKM177,income,839000.0,Transfer BRI,2023-12-16 14:10:29,Servis Kulkas
TRX1368,UMKM177,expense,2334000.0,Cash,2023-08-28 14:10:29,Konsultasi Keuangan
TRX1369,UMKM177,income,1303000.0,Transfer BCA,2023-09-08 14:10:29,Servis HP
TRX1370,UMKM178,income,179000.0,OVO,2024-02-05 09:00:05,Layanan Bidan
TRX1371,UMKM178,income,67000.0,Transfer BCA,2022-07-06 09:00:05,Tensimeter Digital
TRX1372,UMKM178,expense,55000.0,Cash,2023-01-04 09:00:05,
TRX1373,UMKM178,expense,182000.0,Transfer Mandiri,2023-05-25 09:00:05,Kunyit Asam
TRX1374,UMKM179,income,5343000.0,Gopay,2023-10-18 15:06:54,Furniture Custom
TRX1375,UMKM180,income,677000.0,Transfer BCA,2024-05-11 08:58:21,Bimbel UN SD
TRX1376,UMKM180,income,963000.0,Transfer BRI,2025-01-09 08:58:21,Workshop Fotografi
TRX1377,UMKM180,expense,1284000.0,,2024-01-29 08:58:21,Buku Bisnis Online
TRX1378,UMKM180,income,922000.0,Dana,2024-06-22 08:58:21,Kursus Editing Video
TRX1379,UMKM180,expense,391000.0,Tunai,2023-11-18 08:58:21,Kursus Python Pemula
TRX1380,UMKM180,income,1462000.0,Pembayaran tunai,2024-03-03 08:58:21,Workshop Fotografi
TRX1381,UMKM180,income,959000.0,,2023-10-03 08:58:21,Kursus Editing Video
TRX1382,UMKM180,income,769000.0,,2025-01-13 08:58:21,Workshop Fotografi
TRX1383,UMKM181,income,1931000.0,Gopay,2023-07-18 01:28:12,Konsultasi Pajak
TRX1384,UMKM181,income,273000.0,Gopay,2022-09-08 01:28:12,Konsultasi Hukum
TRX1385,UMKM181,expense,1544000.0,Transfer BNI,2023-09-05 01:28:12,Konsultasi Keuangan
TRX1386,UMKM181,income,2618000.0,Transfer BCA,2022-03-08 01:28:12,Konsultasi Hukum
TRX1387,UMKM181,expense,1881000.0,,2023-05-18 01:28:12,Desain Logo
TRX1388,UMKM181,expense,1224000.0,,2022-06-30 01:28:12,Desain Feed Instagram
TRX1389,UMKM181,expense,2719000.0,Cash,2023-06-24 01:28:12,
TRX1390,UMKM181,expense,334000.0,,2022-04-20 01:28:12,Desain Kemasan
TRX1391,UMKM181,income,407000.0,Transfer BCA,2023-01-11 01:28:12,Konsultasi Pajak
TRX1392,UMKM182,expense,212000.0,Transfer BNI,2022-11-19 02:48:20,Matcha Latte
TRX1393,UMKM182,income,191000.0,,2024-03-20 02:48:20,Catering Kantor
TRX1394,UMKM182,income,267000.0,OVO,2023-08-12 02:48:20,Catering Pernikahan
TRX1395,UMKM182,income,86000.0,,2024-03-14 02:48:20,Paket Nasi Box
TRX1396,UMKM182,expense,20000.0,Cash,2023-12-31 02:48:20,Snack Box Meeting
TRX1397,UMKM182,income,78000.0,OVO,2024-07-24 02:48:20,Snack Box Meeting
TRX1398,UMKM182,expense,229000.0,Transfer BNI,2023-01-29 02:48:20,Opak Angin
TRX1399,UMKM182,income,22000.0,Dana,2024-01-10 02:48:20,Snack Box Meeting
TRX1400,UMKM182,expense,69000.0,Cash,2023-02-03 02:48:20,Bakso Mercon
TRX1401,UMKM182,expense,39000.0,Transfer BNI,2023-05-09 02:48:20,Jus Alpukat
TRX1402,UMKM182,income,125000.0,Transfer BRI,2022-12-05 02:48:20,Snack Box Meeting
TRX1403,UMKM182,income,192000.0,Pembayaran tunai,2024-04-09 02:48:20,Snack Box Meeting
TRX1404,UMKM182,income,190000.0,Dana,2023-05-17 02:48:20,Paket Prasmanan
TRX1405,UMKM183,income,206000.0,Gopay,2023-04-01 05:19:38,
TRX1406,UMKM183,expense,300000.0,Transfer BNI,2023-06-29 05:19:38,Kacang Tanah
TRX1407,UMKM183,expense,26000.0,,2024-05-29 05:19:38,Keripik Pisang
TRX1408,UMKM184,income,1289000.0,Gopay,2022-05-23 06:53:50,Buku Motivasi
TRX1409,UMKM184,expense,364000.0,Tunai,2022-10-03 06:53:50,Kursus Python Pemula
TRX1410,UMKM184,income,1440000.0,Dana,2022-02-26 06:53:50,Buku Matematika SMP
TRX1411,UMKM184,expense,971000.0,,2023-03-14 06:53:50,
TRX1412,UMKM184,income,809000.0,Transfer BCA,2022-02-17 06:53:50,Buku Bisnis Online
TRX1413,UMKM185,income,811000.0,OVO,2023-12-15 17:39:34,Kursus Bahasa Inggris
TRX1414,UMKM185,income,959000.0,Transfer BCA,2023-05-20 17:39:34,Kursus Bahasa Inggris
TRX1415,UMKM185,expense,207000.0,Cash,2023-07-03 17:39:34,Kursus Editing Video
TRX1416,UMKM185,expense,1225000.0,Transfer BNI,2023-02-15 17:39:34,Kursus Bahasa Inggris
TRX1417,UMKM186,income,1227000.0,Gopay,2023-04-11 19:30:48,Website Company Profile
TRX1418,UMKM186,expense,4437000.0,,2024-11-12 19:30:48,
TRX1419,UMKM186,expense,3106000.0,,2023-10-28 19:30:48,Monitoring Listrik IoT
TRX1420,UMKM186,expense,3360000.0,Tunai,2024-06-15 19:30:48,Maintenance Jaringan
TRX1421,UMKM186,expense,2675000.0,,2023-11-21 19:30:48,IT Support Bulanan
TRX1422,UMKM186,expense,2383000.0,,2023-09-30 19:30:48,Monitoring Listrik IoT
TRX1423,UMKM186,income,2144000.0,,2023-01-07 19:30:48,App Mobile Android
TRX1424,UMKM186,income,1029000.0,,2023-05-02 19:30:48,App Pemesanan Online
TRX1425,UMKM186,income,312000.0,,2023-02-17 19:30:48,Sistem ERP
TRX1426,UMKM187,income,105000.0,,2021-10-02 19:00:12,Bibit Tomat Unggul
TRX1427,UMKM187,expense,265000.0,Tunai,2023-03-05 19:00:12,Bibit Cabai Rawit
TRX1428,UMKM187,income,275000.0,,2022-07-16 19:00:12,Bibit Tomat Unggul
TRX1429,UMKM187,expense,208000.0,Transfer BNI,2022-05-04 19:00:12,Bibit Jagung Hibrida
TRX1430,UMKM188,income,292000.0,Transfer BCA,2024-03-11 01:53:57,Es Krim Lokal
TRX1431,UMKM188,income,65000.0,Pembayaran tunai,2025-06-19 01:53:57,Risol Mayo
TRX1432,UMKM188,income,139000.0,Dana,2024-07-06 01:53:57,Paket Prasmanan
TRX1433,UMKM188,income,138000.0,Pembayaran tunai,2025-02-03 01:53:57,Es Campur
TRX1434,UMKM188,expense,233000.0,Tunai,2025-11-08 01:53:57,Catering Kantor
TRX1435,UMKM188,income,114000.0,Transfer BRI,2025-06-30 01:53:57,Es Campur
TRX1436,UMKM188,income,151000.0,,2025-05-20 01:53:57,Kopi Susu
TRX1437,UMKM188,income,256000.0,Dana,2024-07-31 01:53:57,Catering Kantor
TRX1438,UMKM188,expense,107000.0,Transfer BNI,2025-09-10 01:53:57,Basreng Kering
TRX1439,UMKM188,income,67000.0,,2025-10-25 01:53:57,Es Campur
TRX1440,UMKM188,expense,74000.0,Transfer BNI,2024-03-13 01:53:57,
TRX1441,UMKM188,income,42000.0,Transfer BCA,2025-05-04 01:53:57,
TRX1442,UMKM188,income,236000.0,,2025-03-07 01:53:57,Paket Prasmanan
TRX1443,UMKM188,expense,93000.0,Transfer Mandiri,2024-09-29 01:53:57,Risol Mayo
TRX1444,UMKM188,expense,232000.0,Cash,2025-09-11 01:53:57,Wedang Jahe
TRX1445,UMKM189,income,459000.0,Pembayaran tunai,2023-12-12 22:52:54,Konsultasi Hukum
TRX1446,UMKM189,expense,2893000.0,Transfer Mandiri,2024-09-29 22:52:54,Desain Kemasan
TRX1447,UMKM189,income,1409000.0,Transfer BRI,2025-01-02 22:52:54,Konsultasi Hukum
TRX1448,UMKM189,income,2835000.0,,2024-09-04 22:52:54,Konsultasi Hukum
TRX1449,UMKM189,expense,1523000.0,Cash,2024-02-08 22:52:54,Konsultasi Keuangan
TRX1450,UMKM189,income,365000.0,,2024-09-28 22:52:54,Konsultasi Hukum
TRX1451,UMKM189,income,2352000.0,Transfer BCA,2024-03-19 22:52:54,Konsultasi Hukum
TRX1452,UMKM189,income,2320000.0,Transfer BRI,2024-10-17 22:52:54,Konsultasi Hukum
TRX1453,UMKM189,income,1289000.0,Gopay,2023-10-07 22:52:54,Konsultasi Hukum
TRX1454,UMKM189,expense,1328000.0,,2023-05-19 22:52:54,Voice Over
TRX1455,UMKM190,income,460000.0,,2024-07-20 00:00:02,Vas Bunga Keramik
TRX1456,UMKM190,income,105000.0,,2023-08-16 00:00:02,Vas Bunga Keramik
TRX1457,UMKM190,income,389000.0,Transfer BCA,2024-12-04 00:00:02,Vas Bunga Keramik
TRX1458,UMKM190,income,388000.0,,2023-11-10 00:00:02,Vas Bunga Keramik
TRX1459,UMKM191,income,94000.0,OVO,2025-07-15 04:15:55,Catering Kantor
TRX1460,UMKM191,income,190000.0,Transfer BCA,2024-09-13 04:15:55,Catering Kantor
TRX1461,UMKM191,income,265000.0,,2024-04-16 04:15:55,Snack Box Meeting
TRX1462,UMKM191,income,119000.0,,2025-01-16 04:15:55,Paket Prasmanan
TRX1463,UMKM191,expense,67000.0,Transfer Mandiri,2024-08-23 04:15:55,Cireng Isi
TRX1464,UMKM191,income,107000.0,Transfer BCA,2024-02-28 04:15:55,Catering Pernikahan
TRX1465,UMKM191,income,76000.0,OVO,2024-03-07 04:15:55,Paket Nasi Box
TRX1466,UMKM191,income,126000.0,-,2024-08-20 04:15:55,Paket Prasmanan
TRX1467,UMKM191,income,257000.0,Transfer BRI,2024-08-03 04:15:55,Catering Kantor
TRX1468,UMKM191,income,18000.0,Gopay,2025-09-26 04:15:55,Catering Pernikahan
TRX1469,UMKM191,expense,189000.0,,2025-06-21 04:15:55,Catering Kantor
TRX1470,UMKM191,income,288000.0,Gopay,2024-07-08 04:15:55,Snack Box Meeting
TRX1471,UMKM191,expense,298000.0,Transfer Mandiri,2024-01-24 04:15:55,Makaroni Goreng
TRX1472,UMKM192,income,3122000.0,,2021-11-22 22:13:32,Maintenance Jaringan
TRX1473,UMKM192,expense,3928000.0,Transfer Mandiri,2021-12-16 22:13:32,Scanner Barcode
TRX1474,UMKM192,income,4619000.0,,2023-03-21 22:13:32,Maintenance Jaringan
TRX1475,UMKM192,income,1163000.0,Pembayaran tunai,2022-10-23 22:13:32,Maintenance Jaringan
TRX1476,UMKM192,income,806000.0,Transfer BRI,2022-04-25 22:13:32,Instalasi CCTV
TRX1477,UMKM193,income,117000.0,Transfer BRI,2025-10-14 02:14:19,Slip On Polos
TRX1478,UMKM193,expense,366000.0,Transfer BNI,2024-05-05 02:14:19,Kalung Emas Muda
TRX1479,UMKM193,expense,457000.0,Transfer BNI,2024-08-14 02:14:19,Tas Kulit Mini
TRX1480,UMKM193,income,784000.0,Transfer BCA,2024-09-09 02:14:19,Heels Wanita
TRX1481,UMKM193,expense,786000.0,Transfer Mandiri,2025-07-01 02:14:19,Dress Casual
TRX1482,UMKM193,income,540000.0,OVO,2025-05-19 02:14:19,Sandal Casual
TRX1483,UMKM193,income,588000.0,Transfer BRI,2023-12-25 02:14:19,Slip On Polos
TRX1484,UMKM193,income,470000.0,Transfer BCA,2024-03-25 02:14:19,Sepatu Formal Pria
TRX1485,UMKM193,expense,837000.0,Transfer BNI,2025-07-01 02:14:19,
TRX1486,UMKM193,expense,469000.0,Cash,2024-06-30 02:14:19,Heels Wanita
TRX1487,UMKM194,income,1736000.0,Transfer BRI,2023-03-05 17:32:36,Open Trip Bromo
TRX1488,UMKM194,income,1227000.0,OVO,2022-09-22 17:32:36,Open Trip Bromo
TRX1489,UMKM194,expense,201000.0,Transfer Mandiri,2022-12-30 17:32:36,Sewa Minibus
TRX1490,UMKM194,expense,306000.0,Transfer Mandiri,2022-06-03 17:32:36,Sewa Minibus
TRX1491,UMKM194,income,699000.0,Transfer BCA,2022-12-28 17:32:36,Balancing Roda
TRX1492,UMKM195,expense,2731000.0,Tunai,2025-04-04 03:19:38,Servis HP
TRX1493,UMKM195,income,403000.0,Gopay,2023-09-20 03:19:38,Servis Mesin Cuci
TRX1494,UMKM195,income,1943000.0,,2025-02-21 03:19:38,Servis Mesin Cuci
TRX1495,UMKM195,expense,2008000.0,Transfer BNI,2024-10-09 03:19:38,
TRX1496,UMKM195,income,2885000.0,Dana,2024-04-05 03:19:38,Servis Mesin Cuci
TRX1497,UMKM195,expense,2219000.0,Transfer BNI,2024-08-01 03:19:38,Event Launching Produk
TRX1498,UMKM195,income,1511000.0,Dana,2024-10-22 03:19:38,Servis HP
TRX1499,UMKM196,income,312000.0,,2023-07-25 06:17:06,
TRX1500,UMKM196,expense,1848000.0,,2024-03-14 06:17:06,Pengiriman Barang Kota
TRX1501,UMKM196,expense,1747000.0,Transfer Mandiri,2023-12-13 06:17:06,Sewa Truk
TRX1502,UMKM196,income,1647000.0,Dana,2024-07-21 06:17:06,
TRX1503,UMKM196,expense,1179000.0,Transfer Mandiri,2023-04-05 06:17:06,Sewa Motor Harian
TRX1504,UMKM196,expense,1360000.0,Transfer BNI,2023-05-30 06:17:06,
TRX1505,UMKM196,income,1253000.0,Transfer BRI,2023-07-26 06:17:06,Jasa Titip Belanja
TRX1506,UMKM196,income,422000.0,OVO,2022-12-04 06:17:06,Pengiriman Barang Kota
TRX1507,UMKM197,income,628000.0,Transfer BCA,2022-05-17 16:36:45,Konsultasi Bisnis
TRX1508,UMKM197,expense,1872000.0,Transfer Mandiri,2022-05-27 16:36:45,Servis AC Split
TRX1509,UMKM197,income,2159000.0,Pembayaran tunai,2022-07-26 16:36:45,Servis HP
TRX1510,UMKM197,income,326000.0,Dana,2023-11-08 16:36:45,Servis HP
TRX1511,UMKM197,income,608000.0,Pembayaran tunai,2023-12-05 16:36:45,Servis AC Split
TRX1512,UMKM197,income,2222000.0,Pembayaran tunai,2022-08-01 16:36:45,Konsultasi Bisnis
TRX1513,UMKM197,income,726000.0,,2023-07-30 16:36:45,Servis AC Split
TRX1514,UMKM197,expense,1345000.0,Tunai,2023-07-22 16:36:45,Penulisan Artikel SEO
TRX1515,UMKM197,expense,774000.0,,2023-01-12 16:36:45,Servis Laptop
TRX1516,UMKM197,income,763000.0,-,2023-02-25 16:36:45,Konsultasi Bisnis
TRX1517,UMKM198,income,170000.0,Transfer BCA,2023-09-29 17:53:54,Teh Tarik
TRX1518,UMKM198,income,120000.0,Gopay,2023-12-25 17:53:54,Nasi Padang
TRX1519,UMKM198,expense,182000.0,,2023-02-09 17:53:54,Snack Box Meeting
TRX1520,UMKM198,income,270000.0,Transfer BCA,2024-10-12 17:53:54,Bolu Kukus
TRX1521,UMKM198,income,150000.0,Dana,2023-11-06 17:53:54,Pudding Coklat
TRX1522,UMKM198,income,45000.0,Dana,2023-02-17 17:53:54,Nasi Padang
TRX1523,UMKM198,income,133000.0,Dana,2023-12-15 17:53:54,Nasi Padang
TRX1524,UMKM198,income,105000.0,Transfer BCA,2024-10-04 17:53:54,Teh Tarik
TRX1525,UMKM198,expense,287000.0,Transfer BNI,2023-01-13 17:53:54,Gado-Gado
TRX1526,UMKM198,expense,145000.0,,2023-11-25 17:53:54,Seblak Kering
TRX1527,UMKM198,expense,69000.0,Tunai,2023-03-09 17:53:54,Paket Nasi Box
TRX1528,UMKM198,income,160000.0,Transfer BRI,2023-01-11 17:53:54,Nasi Padang
TRX1529,UMKM198,income,278000.0,Pembayaran tunai,2023-11-07 17:53:54,Jus Alpukat
TRX1530,UMKM198,income,52000.0,Gopay,2024-03-05 17:53:54,
TRX1531,UMKM198,income,262000.0,OVO,2023-06-08 17:53:54,Es Krim Lokal
TRX1532,UMKM198,expense,91000.0,Tunai,2024-11-12 17:53:54,Pudding Coklat
TRX1533,UMKM198,income,83000.0,-,2023-03-24 17:53:54,Nasi Padang
TRX1534,UMKM198,expense,92000.0,,2023-02-23 17:53:54,Es Boba
TRX1535,UMKM199,income,182000.0,Dana,2023-08-19 19:37:12,Pupuk Organik Cair
TRX1536,UMKM199,expense,298000.0,Transfer BNI,2024-02-22 19:37:12,Pupuk NPK Mutiara
TRX1537,UMKM199,income,31000.0,Pembayaran tunai,2023-01-02 19:37:12,Pupuk Organik Cair
TRX1538,UMKM200,income,332000.0,Gopay,2023-12-19 16:04:24,Aplikasi Kasir UMKM
TRX1539,UMKM200,income,765000.0,,2024-03-01 16:04:24,Aplikasi Kasir UMKM
TRX1540,UMKM200,expense,472000.0,Transfer Mandiri,2023-06-25 16:04:24,
TRX1541,UMKM200,income,4824000.0,,2023-10-09 16:04:24,
TRX1542,UMKM200,income,2268000.0,Pembayaran tunai,2023-05-31 16:04:24,Aplikasi Kasir UMKM
TRX1543,UMKM200,income,1826000.0,,2024-04-23 16:04:24,Aplikasi Kasir UMKM
TRX1544,UMKM201,income,417000.0,Pembayaran tunai,2022-01-04 16:19:19,Bingkai Foto
TRX1545,UMKM201,expense,317000.0,Transfer BNI,2021-10-24 16:19:19,Kursi Pallet Bekas
TRX1546,UMKM201,income,238000.0,,2023-03-23 16:19:19,Pot Ban Bekas
TRX1547,UMKM201,income,341000.0,Pembayaran tunai,2022-10-20 16:19:19,Tas Rajut
TRX1548,UMKM202,expense,2717000.0,Cash,2025-05-31 07:00:49,
TRX1549,UMKM202,expense,224000.0,Cash,2025-10-07 07:00:49,
TRX1550,UMKM202,income,2139000.0,OVO,2024-11-03 07:00:49,Penerjemah Dokumen
TRX1551,UMKM202,income,2668000.0,Transfer BRI,2025-01-25 07:00:49,Penerjemah Dokumen
TRX1552,UMKM202,expense,2334000.0,Tunai,2024-05-21 07:00:49,Desain Undangan
TRX1553,UMKM202,income,1286000.0,,2025-03-02 07:00:49,Penerjemah Dokumen
TRX1554,UMKM202,expense,2729000.0,Tunai,2024-01-24 07:00:49,
TRX1555,UMKM202,expense,1337000.0,,2025-10-31 07:00:49,Konsultasi Keuangan
TRX1556,UMKM202,income,2078000.0,Transfer BCA,2024-04-20 07:00:49,Penerjemah Dokumen
TRX1557,UMKM203,income,2106000.0,Dana,2024-11-02 03:21:46,Software Akuntansi
TRX1558,UMKM203,expense,3426000.0,Tunai,2024-06-11 03:21:46,Kamera IP CCTV
TRX1559,UMKM203,expense,2536000.0,,2024-04-10 03:21:46,Monitoring Listrik IoT
TRX1560,UMKM203,income,3815000.0,Pembayaran tunai,2024-03-03 03:21:46,Software Akuntansi
TRX1561,UMKM204,expense,62000.0,Transfer Mandiri,2025-04-05 00:28:21,Tumbler Sablon
TRX1562,UMKM204,income,377000.0,Gopay,2025-02-11 00:28:21,Bingkai Foto
TRX1563,UMKM204,expense,55000.0,Transfer BNI,2024-01-04 00:28:21,Lampu Botol Kaca
TRX1564,UMKM204,income,105000.0,,2025-04-23 00:28:21,Kaos Souvenir
TRX1565,UMKM204,expense,250000.0,,2024-06-20 00:28:21,Hiasan Koran Daur Ulang
TRX1566,UMKM204,income,237000.0,OVO,2025-06-17 00:28:21,Kaos Souvenir
TRX1567,UMKM205,expense,4066000.0,Transfer Mandiri,2023-04-22 11:26:07,Monitoring Listrik IoT
TRX1568,UMKM205,income,3904000.0,Transfer BCA,2023-03-22 11:26:07,Scanner Barcode
TRX1569,UMKM205,income,1771000.0,,2022-04-14 11:26:07,Scanner Barcode
TRX1570,UMKM205,income,2886000.0,Pembayaran tunai,2023-09-01 11:26:07,Aplikasi HR
TRX1571,UMKM205,income,1276000.0,Gopay,2022-05-02 11:26:07,Scanner Barcode
TRX1572,UMKM205,expense,2660000.0,,2022-10-28 11:26:07,
TRX1573,UMKM205,expense,2715000.0,,2023-10-09 11:26:07,Aplikasi Inventory
TRX1574,UMKM205,expense,2929000.0,Transfer BNI,2023-02-04 11:26:07,
TRX1575,UMKM205,income,3366000.0,Transfer BCA,2022-02-28 11:26:07,Scanner Barcode
TRX1576,UMKM206,expense,183000.0,Transfer BNI,2023-06-17 08:02:39,Celana Panjang Pria
TRX1577,UMKM206,income,828000.0,Pembayaran tunai,2022-05-14 08:02:39,Slip On Polos
TRX1578,UMKM206,income,429000.0,Transfer BRI,2022-09-16 08:02:39,Slip On Polos
TRX1579,UMKM206,income,577000.0,Gopay,2022-07-28 08:02:39,Slip On Polos
TRX1580,UMKM206,expense,625000.0,Transfer BNI,2022-12-24 08:02:39,
TRX1581,UMKM206,expense,158000.0,Transfer Mandiri,2023-06-16 08:02:39,
TRX1582,UMKM207,expense,5728000.0,Tunai,2023-03-10 11:29:58,
TRX1583,UMKM207,expense,4460000.0,Tunai,2023-01-17 11:29:58,Renovasi Dapur
TRX1584,UMKM207,income,8142000.0,Transfer BCA,2023-02-25 11:29:58,Furniture Custom
TRX1585,UMKM208,income,300000.0,Transfer BRI,2023-01-30 19:04:47,Pelatihan Leadership
TRX1586,UMKM208,income,597000.0,,2024-07-06 19:04:47,Kursus Bahasa Inggris
TRX1587,UMKM208,income,970000.0,Transfer BRI,2023-08-20 19:04:47,Kursus Desain Canva
TRX1588,UMKM208,income,557000.0,Dana,2024-03-19 19:04:47,Kursus Bahasa Inggris
TRX1589,UMKM209,expense,97000.0,,2024-01-21 10:30:54,Vas Bunga Keramik
TRX1590,UMKM209,income,74000.0,OVO,2023-04-08 10:30:54,Lampu Rotan
TRX1591,UMKM209,income,50000.0,Transfer BRI,2022-12-11 10:30:54,Lampu Rotan
TRX1592,UMKM209,expense,173000.0,,2022-07-19 10:30:54,Bando Kain
TRX1593,UMKM209,income,221000.0,Transfer BCA,2022-08-17 10:30:54,Jam Dinding Kayu
TRX1594,UMKM209,expense,467000.0,Cash,2023-01-05 10:30:54,
TRX1595,UMKM209,income,340000.0,Pembayaran tunai,2023-01-21 10:30:54,Lampu Rotan
TRX1596,UMKM210,income,478000.0,,2025-02-16 22:34:43,Baju Tidur Anak
TRX1597,UMKM210,income,304000.0,Transfer BCA,2024-12-08 22:34:43,Baju Tidur Anak
TRX1598,UMKM210,income,936000.0,,2024-06-03 22:34:43,Baju Tidur Anak
TRX1599,UMKM210,income,973000.0,Gopay,2024-10-01 22:34:43,Baju Tidur Anak
TRX1600,UMKM210,income,213000.0,Gopay,2024-05-14 22:34:43,Baju Tidur Anak
TRX1601,UMKM210,expense,883000.0,Transfer Mandiri,2025-03-13 22:34:43,
TRX1602,UMKM210,expense,385000.0,Transfer BNI,2023-07-26 22:34:43,Topi Baseball
TRX1603,UMKM210,income,641000.0,-,2024-06-12 22:34:43,
TRX1604,UMKM210,income,788000.0,Transfer BRI,2023-12-11 22:34:43,Baju Tidur Anak
TRX1605,UMKM210,income,370000.0,Dana,2023-07-21 22:34:43,Baju Tidur Anak
TRX1606,UMKM210,income,244000.0,Pembayaran tunai,2024-08-29 22:34:43,Baju Tidur Anak
TRX1607,UMKM210,expense,831000.0,,2024-10-14 22:34:43,Ikat Pinggang Pria
TRX1608,UMKM211,income,91000.0,,2022-03-23 14:39:38,Sprayer Hama
TRX1609,UMKM211,expense,265000.0,Tunai,2021-12-19 14:39:38,Dodol Nangka
TRX1610,UMKM211,income,273000.0,Gopay,2023-09-01 14:39:38,Pupuk KCl
TRX1611,UMKM211,income,249000.0,Dana,2023-05-05 14:39:38,Pupuk KCl
TRX1612,UMKM211,income,265000.0,Gopay,2023-04-01 14:39:38,Sprayer Hama
TRX1613,UMKM211,income,167000.0,,2023-09-03 14:39:38,Abon Ikan
TRX1614,UMKM211,income,264000.0,Gopay,2023-03-20 14:39:38,Abon Ikan
TRX1615,UMKM212,income,26000.0,Dana,2024-02-19 11:40:14,Cek Gula Darah
TRX1616,UMKM212,income,61000.0,,2022-11-03 11:40:14,Cek Gula Darah
TRX1617,UMKM212,income,498000.0,Gopay,2022-08-06 11:40:14,Cek Gula Darah
TRX1618,UMKM213,income,206000.0,Pembayaran tunai,2021-06-16 23:21:49,Es Teh Manis
TRX1619,UMKM213,expense,263000.0,Transfer Mandiri,2022-03-18 23:21:49,Opak Angin
TRX1620,UMKM213,expense,239000.0,Cash,2022-03-21 23:21:49,
TRX1621,UMKM213,expense,128000.0,Transfer BNI,2021-12-21 23:21:49,Catering Kantor
TRX1622,UMKM213,income,115000.0,Transfer BCA,2022-02-20 23:21:49,Keripik Singkong Pedas
TRX1623,UMKM213,expense,185000.0,Cash,2023-03-25 23:21:49,Es Krim Lokal
TRX1624,UMKM213,income,29000.0,Transfer BRI,2023-04-17 23:21:49,Keripik Singkong Pedas
TRX1625,UMKM213,expense,30000.0,Transfer Mandiri,2023-01-25 23:21:49,
TRX1626,UMKM213,income,149000.0,Transfer BRI,2022-03-31 23:21:49,Es Teh Manis
TRX1627,UMKM213,income,258000.0,Dana,2021-05-27 23:21:49,Snack Box Meeting
TRX1628,UMKM213,income,245000.0,Transfer BRI,2021-06-08 23:21:49,Snack Box Meeting
TRX1629,UMKM213,income,151000.0,Pembayaran tunai,2023-04-05 23:21:49,Es Teh Manis
TRX1630,UMKM214,expense,4496000.0,Cash,2025-02-18 15:41:11,IT Support Bulanan
TRX1631,UMKM214,income,166000.0,Pembayaran tunai,2024-10-17 15:41:11,Website Company Profile
TRX1632,UMKM214,income,980000.0,Gopay,2024-09-30 15:41:11,Website Company Profile
TRX1633,UMKM214,income,3630000.0,Transfer BRI,2025-01-25 15:41:11,Software Akuntansi
TRX1634,UMKM214,expense,1197000.0,Tunai,2024-04-03 15:41:11,Router WiFi
TRX1635,UMKM214,income,2266000.0,Dana,2025-09-21 15:41:11,Software Akuntansi
TRX1636,UMKM214,expense,3096000.0,Transfer Mandiri,2024-07-14 15:41:11,Kamera IP CCTV
TRX1637,UMKM214,expense,3403000.0,Cash,2025-01-02 15:41:11,Instalasi CCTV
TRX1638,UMKM214,income,3097000.0,Transfer BRI,2023-12-15 15:41:11,Software Akuntansi
TRX1639,UMKM215,income,142000.0,,2024-07-08 22:48:21,Sewa Mobil Harian
TRX1640,UMKM215,income,870000.0,Pembayaran tunai,2022-11-08 22:48:21,Sewa Mobil Harian
TRX1641,UMKM215,income,154000.0,,2024-02-04 22:48:21,Study Tour
TRX1642,UMKM215,expense,1217000.0,Transfer BNI,2023-08-11 22:48:21,Pengiriman Barang Kota
TRX1643,UMKM215,income,1200000.0,,2022-10-23 22:48:21,Study Tour
TRX1644,UMKM216,income,104000.0,Dana,2024-12-04 10:40:54,Brownies Kukus
TRX1645,UMKM216,expense,190000.0,,2025-01-07 10:40:54,Bolu Kukus
TRX1646,UMKM216,income,288000.0,,2025-06-24 10:40:54,Brownies Kukus
TRX1647,UMKM216,expense,152000.0,Tunai,2024-04-07 10:40:54,Catering Pernikahan
TRX1648,UMKM216,income,42000.0,Pembayaran tunai,2023-12-16 10:40:54,
TRX1649,UMKM216,income,202000.0,Transfer BRI,2024-02-17 10:40:54,Opak Angin
TRX1650,UMKM216,expense,263000.0,Tunai,2024-04-23 10:40:54,Rendang Padang
TRX1651,UMKM216,income,235000.0,Transfer BRI,2025-04-15 10:40:54,Opak Angin
TRX1652,UMKM216,income,286000.0,Gopay,2024-10-14 10:40:54,Opak Angin
TRX1653,UMKM216,income,148000.0,Dana,2025-04-10 10:40:54,Pudding Coklat
TRX1654,UMKM216,income,65000.0,-,2024-09-23 10:40:54,Opak Angin
TRX1655,UMKM216,income,70000.0,Pembayaran tunai,2025-04-03 10:40:54,Opak Angin
TRX1656,UMKM216,income,54000.0,Transfer BRI,2024-10-28 10:40:54,Brownies Kukus
TRX1657,UMKM216,income,206000.0,Gopay,2024-08-09 10:40:54,Brownies Kukus
TRX1658,UMKM216,income,196000.0,Gopay,2025-05-14 10:40:54,Brownies Kukus
TRX1659,UMKM217,income,744000.0,Transfer BCA,2023-03-07 07:26:07,Kursus Public Speaking
TRX1660,UMKM217,income,1192000.0,Transfer BCA,2022-05-13 07:26:07,Kursus Public Speaking
TRX1661,UMKM217,income,798000.0,Pembayaran tunai,2022-10-02 07:26:07,Kursus Desain Canva
TRX1662,UMKM217,expense,345000.0,Transfer Mandiri,2021-08-21 07:26:07,Buku Bisnis Online
TRX1663,UMKM217,expense,457000.0,Tunai,2022-02-13 07:26:07,Kursus Memasak
TRX1664,UMKM217,income,1283000.0,Dana,2023-01-24 07:26:07,Kursus Public Speaking
TRX1665,UMKM218,income,270000.0,Dana,2024-12-06 17:30:46,Tepung Mocaf
TRX1666,UMKM218,income,215000.0,Transfer BCA,2025-05-03 17:30:46,
TRX1667,UMKM218,expense,266000.0,Cash,2023-10-25 17:30:46,Pupuk NPK Mutiara
TRX1668,UMKM218,expense,30000.0,Transfer Mandiri,2025-02-08 17:30:46,Bibit Cabai Rawit
TRX1669,UMKM218,expense,33000.0,Transfer BNI,2024-04-24 17:30:46,Pupuk KCl
TRX1670,UMKM218,income,29000.0,,2023-12-23 17:30:46,Tepung Mocaf
TRX1671,UMKM219,expense,75000.0,Transfer Mandiri,2025-01-11 02:03:04,
TRX1672,UMKM219,income,175000.0,,2025-03-09 02:03:04,Rendang Padang
TRX1673,UMKM219,income,247000.0,Gopay,2025-06-01 02:03:04,Kopi Susu
TRX1674,UMKM219,income,270000.0,OVO,2025-06-26 02:03:04,Rendang Padang
TRX1675,UMKM219,expense,238000.0,Transfer Mandiri,2024-01-11 02:03:04,Wedang Jahe
TRX1676,UMKM219,income,81000.0,,2024-11-14 02:03:04,Es Teh Manis
TRX1677,UMKM219,expense,268000.0,Transfer Mandiri,2024-03-18 02:03:04,Brownies Kukus
TRX1678,UMKM219,income,76000.0,Transfer BRI,2025-05-01 02:03:04,Rendang Padang
TRX1679,UMKM219,expense,172000.0,,2025-05-16 02:03:04,Wedang Jahe
TRX1680,UMKM219,expense,168000.0,Tunai,2025-11-22 02:03:04,Kopi Susu
TRX1681,UMKM219,expense,88000.0,Transfer BNI,2025-10-09 02:03:04,Catering Kantor
TRX1682,UMKM219,income,206000.0,,2024-11-13 02:03:04,Rendang Padang
TRX1683,UMKM219,income,158000.0,Transfer BRI,2025-06-14 02:03:04,Rendang Padang
TRX1684,UMKM219,income,177000.0,Gopay,2024-11-13 02:03:04,Rendang Padang
TRX1685,UMKM219,income,264000.0,Pembayaran tunai,2024-03-30 02:03:04,Jus Alpukat
TRX1686,UMKM220,expense,439000.0,,2022-09-02 19:22:07,Tensimeter Digital
TRX1687,UMKM220,income,275000.0,Gopay,2021-08-04 19:22:07,Kursi Roda Lipat
TRX1688,UMKM220,expense,287000.0,-,2022-03-11 19:22:07,
TRX1689,UMKM220,expense,265000.0,Tunai,2021-12-15 19:22:07,Jamu Beras Kencur
TRX1690,UMKM220,income,377000.0,OVO,2021-12-13 19:22:07,
TRX1691,UMKM221,expense,293000.0,Tunai,2024-02-06 01:11:24,Es Krim Lokal
TRX1692,UMKM221,expense,158000.0,Transfer Mandiri,2024-05-09 01:11:24,Gado-Gado
TRX1693,UMKM221,income,248000.0,Transfer BRI,2023-08-17 01:11:24,Catering Kantor
TRX1694,UMKM221,income,13000.0,Gopay,2023-08-23 01:11:24,Catering Kantor
TRX1695,UMKM221,income,193000.0,Pembayaran tunai,2023-05-24 01:11:24,
TRX1696,UMKM221,expense,174000.0,Transfer Mandiri,2024-06-24 01:11:24,
TRX1697,UMKM221,expense,61000.0,,2023-12-31 01:11:24,Lontong Sayur
TRX1698,UMKM221,expense,218000.0,,2025-04-10 01:11:24,
TRX1699,UMKM221,expense,162000.0,Transfer BNI,2024-11-11 01:11:24,Soto Ayam
TRX1700,UMKM221,income,18000.0,Gopay,2024-09-04 01:11:24,
TRX1701,UMKM221,expense,247000.0,,2024-12-04 01:11:24,Nasi Goreng Spesial
TRX1702,UMKM221,income,140000.0,Gopay,2023-12-04 01:11:24,Paket Prasmanan
TRX1703,UMKM221,expense,300000.0,Transfer BNI,2024-06-06 01:11:24,
TRX1704,UMKM221,income,121000.0,Transfer BCA,2025-03-13 01:11:24,Catering Kantor
TRX1705,UMKM221,income,31000.0,Transfer BRI,2023-08-30 01:11:24,Paket Nasi Box
TRX1706,UMKM222,income,647000.0,Gopay,2025-07-13 22:48:18,Sandal Casual
TRX1707,UMKM222,income,541000.0,,2024-07-18 22:48:18,Sandal Casual
TRX1708,UMKM222,income,224000.0,OVO,2024-05-12 22:48:18,Anting Mutiara
TRX1709,UMKM222,income,586000.0,Pembayaran tunai,2024-10-18 22:48:18,Sandal Casual
TRX1710,UMKM222,income,694000.0,Transfer BCA,2024-03-14 22:48:18,Sandal Casual
TRX1711,UMKM222,income,788000.0,Transfer BRI,2025-08-26 22:48:18,Anting Mutiara
TRX1712,UMKM222,expense,684000.0,Tunai,2024-08-16 22:48:18,Sepatu Sneakers
TRX1713,UMKM222,expense,843000.0,,2025-07-15 22:48:18,
TRX1714,UMKM222,income,911000.0,Transfer BCA,2024-07-02 22:48:18,
TRX1715,UMKM222,expense,439000.0,Cash,2025-05-09 22:48:18,
TRX1716,UMKM222,expense,201000.0,Tunai,2025-06-22 22:48:18,Celana Chino Pria
TRX1717,UMKM222,expense,891000.0,Cash,2025-07-28 22:48:18,Tunik Polos
TRX1718,UMKM223,expense,747000.0,Tunai,2024-06-30 12:00:58,Kalung Emas Muda
TRX1719,UMKM223,expense,298000.0,Transfer BNI,2023-12-26 12:00:58,Dompet Wanita
TRX1720,UMKM223,income,82000.0,Transfer BRI,2023-10-03 12:00:58,Sepatu Boots
TRX1721,UMKM223,income,636000.0,,2024-05-05 12:00:58,Sepatu Boots
TRX1722,UMKM223,income,767000.0,Transfer BRI,2023-02-05 12:00:58,Sepatu Boots
TRX1723,UMKM223,income,162000.0,Dana,2023-12-09 12:00:58,Gelang Perak
TRX1724,UMKM223,income,245000.0,Transfer BCA,2023-09-10 12:00:58,
TRX1725,UMKM223,expense,69000.0,Transfer Mandiri,2024-04-21 12:00:58,Dress Anak Pesta
TRX1726,UMKM223,expense,501000.0,,2024-02-06 12:00:58,
TRX1727,UMKM224,income,371000.0,Pembayaran tunai,2023-07-08 13:28:06,Celana Kulot
TRX1728,UMKM224,expense,478000.0,,2022-06-25 13:28:06,
TRX1729,UMKM224,expense,205000.0,,2023-12-13 13:28:06,Slip On Polos
TRX1730,UMKM224,expense,472000.0,Cash,2022-11-22 13:28:06,Blouse Wanita
TRX1731,UMKM224,expense,757000.0,,2022-07-19 13:28:06,Setelan Anak Lucu
TRX1732,UMKM224,income,258000.0,OVO,2022-11-24 13:28:06,
TRX1733,UMKM224,income,470000.0,Gopay,2022-05-26 13:28:06,Cardigan Wanita
TRX1734,UMKM225,income,281000.0,OVO,2023-03-23 18:55:01,Mug Foto
TRX1735,UMKM225,expense,421000.0,Cash,2022-09-15 18:55:01,Pot Ban Bekas
TRX1736,UMKM225,income,338000.0,Gopay,2022-10-21 18:55:01,Tas Rajut
TRX1737,UMKM225,income,496000.0,Pembayaran tunai,2023-09-10 18:55:01,Tas Rajut
TRX1738,UMKM225,income,266000.0,,2023-02-11 18:55:01,Mug Foto
TRX1739,UMKM225,income,471000.0,,2022-03-07 18:55:01,Mug Foto
TRX1759,UMKM227,income,131000.0,OVO,2023-01-25 09:05:32,Jus Alpukat
TRX1760,UMKM227,income,147000.0,Dana,2023-10-23 09:05:32,Brownies Kukus
TRX1761,UMKM227,expense,290000.0,Transfer BNI,2024-10-03 09:05:32,Gado-Gado
TRX1762,UMKM227,income,157000.0,Gopay,2024-05-01 09:05:32,Jus Alpukat
TRX1763,UMKM227,expense,120000.0,Cash,2024-10-31 09:05:32,Catering Kantor
TRX1764,UMKM227,expense,157000.0,Cash,2023-05-02 09:05:32,Wedang Jahe
TRX1765,UMKM227,income,152000.0,Dana,2023-05-13 09:05:32,Jus Alpukat
TRX1766,UMKM227,income,111000.0,Dana,2024-12-01 09:05:32,Jus Alpukat
TRX1767,UMKM227,expense,255000.0,,2024-04-07 09:05:32,Snack Box Meeting
TRX1768,UMKM227,expense,167000.0,Transfer BNI,2023-05-22 09:05:32,Catering Kantor
TRX1769,UMKM227,income,250000.0,Dana,2024-01-10 09:05:32,Brownies Kukus
TRX1770,UMKM227,expense,183000.0,Transfer BNI,2023-11-15 09:05:32,Cireng Isi
TRX1771,UMKM227,income,291000.0,Pembayaran tunai,2023-11-12 09:05:32,Brownies Kukus
TRX1772,UMKM227,income,145000.0,,2023-05-26 09:05:32,Brownies Kukus
TRX1773,UMKM227,expense,152000.0,Transfer BNI,2023-03-31 09:05:32,Dadar Gulung
TRX1774,UMKM227,income,67000.0,,2024-01-12 09:05:32,Brownies Kukus
TRX1775,UMKM227,income,298000.0,Transfer BRI,2023-06-14 09:05:32,Jus Alpukat
TRX1776,UMKM228,expense,1435000.0,Transfer Mandiri,2021-07-09 04:15:49,Sewa Truk
TRX1777,UMKM228,income,1162000.0,Transfer BRI,2022-07-21 04:15:49,
TRX1778,UMKM228,income,827000.0,Dana,2021-09-28 04:15:49,Sewa Mobil Harian
TRX1779,UMKM228,expense,1884000.0,Transfer Mandiri,2022-05-06 04:15:49,Jasa Titip Belanja
TRX1780,UMKM228,expense,858000.0,,2022-06-19 04:15:49,Tune Up Mobil
TRX1781,UMKM228,expense,1726000.0,Transfer Mandiri,2022-05-03 04:15:49,Sewa Motor Harian
TRX1782,UMKM229,income,756000.0,Dana,2023-08-30 00:59:33,Cuci Mobil
TRX1783,UMKM229,income,1633000.0,,2024-08-23 00:59:33,Cuci Mobil
TRX1784,UMKM229,income,1697000.0,Gopay,2023-07-21 00:59:33,Cuci Mobil
TRX1785,UMKM229,expense,349000.0,Tunai,2023-07-13 00:59:33,Paket Umroh
TRX1786,UMKM230,expense,1289000.0,Cash,2022-07-29 11:14:59,
TRX1787,UMKM230,expense,272000.0,Tunai,2023-03-01 11:14:59,Servis Mesin Cuci
TRX1788,UMKM230,expense,1278000.0,,2023-08-07 11:14:59,
TRX1789,UMKM230,income,423000.0,-,2022-07-05 11:14:59,Desain Logo
TRX1790,UMKM230,expense,1518000.0,Tunai,2023-04-20 11:14:59,
TRX1791,UMKM230,expense,1911000.0,Transfer BNI,2023-02-09 11:14:59,
TRX1792,UMKM231,expense,350000.0,,2023-09-15 19:48:21,Facial Wajah
TRX1793,UMKM231,income,146000.0,Gopay,2024-02-15 19:48:21,Omega 3 Kapsul
TRX1794,UMKM231,expense,397000.0,,2023-10-24 19:48:21,Facial Wajah
TRX1795,UMKM231,income,260000.0,Transfer BRI,2025-05-17 19:48:21,Omega 3 Kapsul
TRX1796,UMKM231,income,124000.0,,2024-09-27 19:48:21,Omega 3 Kapsul
TRX1797,UMKM232,expense,256000.0,Transfer BNI,2024-09-14 04:41:31,Sepatu Formal Pria
TRX1798,UMKM232,expense,897000.0,,2025-02-21 04:41:31,Celana Pendek Anak
TRX1799,UMKM232,income,601000.0,Pembayaran tunai,2023-07-02 04:41:31,Kalung Emas Muda
TRX1800,UMKM232,expense,327000.0,Tunai,2023-06-01 04:41:31,Rok Midi
TRX1801,UMKM232,expense,625000.0,Tunai,2023-06-01 04:41:31,Kaos Polos Pria
TRX1802,UMKM232,income,762000.0,Transfer BRI,2024-02-15 04:41:31,Kalung Emas Muda
TRX1803,UMKM233,expense,328000.0,Tunai,2022-07-27 17:58:50,
TRX1804,UMKM233,income,190000.0,Transfer BRI,2022-05-10 17:58:50,Rok Midi
TRX1805,UMKM233,expense,161000.0,,2022-01-27 17:58:50,
TRX1806,UMKM233,expense,680000.0,,2022-06-15 17:58:50,Kalung Emas Muda
TRX1807,UMKM233,expense,808000.0,,2022-02-14 17:58:50,Jaket Anak
TRX1808,UMKM233,income,650000.0,OVO,2022-10-04 17:58:50,Sepatu Boots
TRX1809,UMKM233,income,295000.0,Dana,2022-02-17 17:58:50,Sweater Pria
TRX1810,UMKM233,income,298000.0,,2022-05-11 17:58:50,Kaos Polos Pria
TRX1811,UMKM233,expense,101000.0,,2023-01-20 17:58:50,Sweater Pria
TRX1812,UMKM233,expense,735000.0,Transfer Mandiri,2021-09-05 17:58:50,Heels Wanita
TRX1813,UMKM233,income,976000.0,,2022-11-26 17:58:50,
TRX1814,UMKM233,expense,593000.0,Transfer Mandiri,2021-08-11 17:58:50,Sepatu Sneakers
TRX1815,UMKM234,income,1024000.0,Transfer BRI,2022-04-29 12:21:41,Konsultasi Hukum
TRX1816,UMKM234,income,2713000.0,Transfer BRI,2021-04-08 12:21:41,Penulisan Artikel SEO
TRX1817,UMKM234,expense,1053000.0,,2022-03-26 12:21:41,Paket Pernikahan
TRX1818,UMKM234,income,315000.0,Pembayaran tunai,2021-09-29 12:21:41,Konsultasi Hukum
TRX1819,UMKM234,income,510000.0,OVO,2022-01-27 12:21:41,Penulisan Artikel SEO
TRX1820,UMKM234,expense,1792000.0,Transfer Mandiri,2022-12-03 12:21:41,Konsultasi Pajak
TRX1821,UMKM235,expense,184000.0,-,2022-11-15 13:09:11,Temulawak Kapsul
TRX1822,UMKM235,income,382000.0,-,2021-08-14 13:09:11,Layanan Bidan
TRX1823,UMKM235,income,256000.0,-,2021-11-16 13:09:11,Layanan Bidan
TRX1824,UMKM235,income,66000.0,Dana,2021-07-23 13:09:11,Layanan Bidan
TRX1825,UMKM235,income,363000.0,,2022-05-23 13:09:11,Layanan Bidan
TRX1826,UMKM236,expense,2752000.0,Transfer BNI,2024-09-11 05:28:24,Sewa Villa
TRX1827,UMKM237,income,60000.0,Dana,2024-01-30 13:41:13,Buku Matematika SMP
TRX1828,UMKM237,income,1177000.0,Gopay,2023-11-24 13:41:13,Kursus Python Pemula
TRX1829,UMKM237,income,373000.0,Pembayaran tunai,2025-06-18 13:41:13,Buku Matematika SMP
TRX1830,UMKM237,income,883000.0,Transfer BRI,2024-03-23 13:41:13,
TRX1831,UMKM237,expense,1387000.0,Tunai,2024-01-18 13:41:13,Pelatihan K3
TRX1832,UMKM237,income,1024000.0,Pembayaran tunai,2024-01-02 13:41:13,Buku Resep Masakan
TRX1833,UMKM238,income,2055000.0,,2024-04-14 01:44:23,Desain Feed Instagram
TRX1834,UMKM238,expense,2764000.0,Cash,2023-12-06 01:44:23,Editing Video
TRX1835,UMKM238,income,916000.0,Transfer BRI,2024-07-23 01:44:23,Desain Feed Instagram
TRX1836,UMKM238,expense,1276000.0,Tunai,2023-09-06 01:44:23,
TRX1837,UMKM238,income,1415000.0,Gopay,2024-10-09 01:44:23,Servis HP
TRX1838,UMKM238,income,1269000.0,Pembayaran tunai,2023-05-17 01:44:23,Data Entry
TRX1839,UMKM238,expense,2745000.0,Tunai,2023-08-17 01:44:23,Penulisan Artikel SEO
TRX1840,UMKM238,expense,342000.0,Cash,2023-10-19 01:44:23,Desain Undangan
TRX1841,UMKM239,income,50000.0,Transfer BRI,2023-11-11 01:12:08,Basreng Kering
TRX1842,UMKM239,expense,298000.0,Transfer BNI,2023-07-25 01:12:08,
TRX1843,UMKM239,income,123000.0,Pembayaran tunai,2023-06-26 01:12:08,Basreng Kering
TRX1844,UMKM239,expense,278000.0,Tunai,2023-05-01 01:12:08,
TRX1845,UMKM239,income,24000.0,Transfer BCA,2023-07-03 01:12:08,Gado-Gado
TRX1846,UMKM239,income,94000.0,Dana,2024-02-02 01:12:08,Gado-Gado
TRX1847,UMKM239,income,218000.0,Transfer BRI,2023-03-28 01:12:08,Gado-Gado
TRX1848,UMKM239,income,95000.0,,2023-12-10 01:12:08,Gado-Gado
TRX1849,UMKM239,income,23000.0,OVO,2024-01-18 01:12:08,Basreng Kering
TRX1850,UMKM239,income,208000.0,,2024-09-05 01:12:08,Basreng Kering
TRX1851,UMKM239,income,258000.0,Transfer BRI,2024-04-06 01:12:08,Basreng Kering
TRX1852,UMKM239,income,100000.0,Pembayaran tunai,2024-06-12 01:12:08,Basreng Kering
TRX1853,UMKM240,expense,158000.0,Cash,2021-11-08 00:45:48,Beras Premium 5kg
TRX1854,UMKM240,income,29000.0,Transfer BRI,2022-01-30 00:45:48,Mesin Pompa Air
TRX1855,UMKM240,income,14000.0,Transfer BRI,2023-03-21 00:45:48,Selai Nanas
TRX1856,UMKM240,income,162000.0,-,2023-04-04 00:45:48,Selai Nanas
TRX1857,UMKM240,expense,300000.0,,2022-07-04 00:45:48,Traktor Mini
TRX1858,UMKM240,expense,64000.0,Tunai,2022-07-27 00:45:48,Dodol Nangka
TRX1859,UMKM241,expense,736000.0,Cash,2024-07-22 17:08:42,Kursus Desain Canva
TRX1860,UMKM241,income,632000.0,Dana,2023-04-02 17:08:42,Kursus Mekanik
TRX1861,UMKM241,income,980000.0,OVO,2023-11-04 17:08:42,Kursus Mekanik
TRX1862,UMKM241,income,1363000.0,Pembayaran tunai,2024-07-25 17:08:42,Buku Resep Masakan
TRX1863,UMKM241,expense,1162000.0,Transfer Mandiri,2023-06-20 17:08:42,Kursus Digital Marketing
TRX1864,UMKM241,income,1123000.0,Pembayaran tunai,2024-01-27 17:08:42,Buku TOEFL
TRX1865,UMKM241,income,1061000.0,OVO,2023-01-29 17:08:42,Buku Resep Masakan
TRX1866,UMKM241,income,324000.0,Gopay,2023-12-25 17:08:42,Kursus Mekanik
TRX1867,UMKM242,income,1082000.0,,2022-11-19 01:38:27,Bimbel UN SD
TRX1868,UMKM242,expense,1008000.0,Transfer BNI,2022-03-04 01:38:27,Bimbel UN SD
TRX1869,UMKM242,expense,608000.0,,2021-12-30 01:38:27,Bimbel SBMPTN
TRX1870,UMKM242,income,444000.0,Dana,2023-02-15 01:38:27,Les Privat Matematika
TRX1871,UMKM242,income,280000.0,Gopay,2022-03-28 01:38:27,Pelatihan Leadership
TRX1872,UMKM242,expense,727000.0,,2022-09-24 01:38:27,Kursus Public Speaking
TRX1873,UMKM242,income,382000.0,,2021-09-28 01:38:27,Pelatihan Leadership
TRX1874,UMKM242,income,989000.0,Transfer BRI,2022-09-20 01:38:27,Workshop Fotografi
TRX1875,UMKM243,income,2207000.0,Pembayaran tunai,2023-12-22 11:16:01,Scanner Barcode
TRX1876,UMKM243,expense,1625000.0,,2024-02-27 11:16:01,IT Support Bulanan
TRX1877,UMKM243,income,215000.0,Transfer BRI,2024-11-19 11:16:01,Instalasi CCTV
TRX1878,UMKM243,expense,2861000.0,,2025-01-12 11:16:01,
TRX1879,UMKM243,expense,2516000.0,Transfer Mandiri,2024-10-23 11:16:01,
TRX1880,UMKM244,income,300000.0,Pembayaran tunai,2024-06-13 20:05:17,Abon Ikan
TRX1881,UMKM244,income,108000.0,Transfer BRI,2023-05-15 20:05:17,Sabit Intan
TRX1882,UMKM244,expense,99000.0,,2023-12-27 20:05:17,Bibit Jagung Hibrida
TRX1883,UMKM245,expense,212000.0,,2023-03-02 12:38:49,
TRX1884,UMKM245,expense,223000.0,Cash,2022-10-11 12:38:49,Keripik Singkong Pedas
TRX1885,UMKM245,expense,268000.0,Cash,2022-07-12 12:38:49,Teh Tarik
TRX1886,UMKM245,expense,172000.0,,2023-12-18 12:38:49,Paket Prasmanan
TRX1887,UMKM245,expense,49000.0,,2022-11-08 12:38:49,Nasi Padang
TRX1888,UMKM245,income,210000.0,Transfer BRI,2022-11-16 12:38:49,Brownies Kukus
TRX1889,UMKM245,expense,53000.0,Tunai,2023-08-30 12:38:49,Rendang Padang
TRX1890,UMKM245,expense,99000.0,Transfer BNI,2023-12-06 12:38:49,
TRX1891,UMKM245,expense,76000.0,,2022-09-25 12:38:49,Teh Tarik
TRX1892,UMKM245,income,249000.0,OVO,2023-04-02 12:38:49,Brownies Kukus
TRX1893,UMKM245,income,170000.0,Transfer BRI,2022-08-31 12:38:49,Brownies Kukus
TRX1894,UMKM245,income,132000.0,,2022-09-19 12:38:49,Brownies Kukus
TRX1895,UMKM245,expense,8000.0,Transfer Mandiri,2023-11-16 12:38:49,Catering Kantor
TRX1896,UMKM245,expense,138000.0,,2024-02-03 12:38:49,
TRX1897,UMKM245,income,201000.0,,2023-04-13 12:38:49,Brownies Kukus
TRX1898,UMKM245,expense,125000.0,Cash,2024-03-10 12:38:49,Keripik Singkong Pedas
TRX1899,UMKM245,expense,233000.0,Tunai,2023-11-13 12:38:49,Dadar Gulung
TRX1900,UMKM245,income,141000.0,Pembayaran tunai,2023-02-18 12:38:49,Brownies Kukus
TRX1901,UMKM246,expense,1450000.0,Cash,2025-07-10 22:32:38,Servis AC Split
TRX1902,UMKM246,expense,1336000.0,Cash,2024-06-24 22:32:38,Servis Laptop
TRX1903,UMKM246,income,2485000.0,OVO,2024-12-31 22:32:38,Penerjemah Dokumen
TRX1904,UMKM246,expense,2446000.0,,2025-02-22 22:32:38,
TRX1905,UMKM246,income,146000.0,OVO,2024-11-07 22:32:38,Penerjemah Dokumen
TRX1906,UMKM246,income,1171000.0,Dana,2025-06-28 22:32:38,Desain Undangan
TRX1907,UMKM246,expense,2777000.0,Transfer Mandiri,2024-05-07 22:32:38,
TRX1908,UMKM247,income,209000.0,Gopay,2023-01-14 21:31:25,Lampu Rotan
TRX1909,UMKM247,income,379000.0,,2023-09-06 21:31:25,Anting Resin
TRX1910,UMKM247,income,145000.0,OVO,2024-02-28 21:31:25,Bando Kain
TRX1911,UMKM247,expense,56000.0,Tunai,2023-11-15 21:31:25,Tas Rajut
TRX1912,UMKM247,expense,366000.0,Tunai,2023-06-15 21:31:25,Cermin Ukir
TRX1913,UMKM248,income,65000.0,,2022-10-14 04:15:10,Nasi Goreng Spesial
TRX1914,UMKM248,income,243000.0,Gopay,2022-08-21 04:15:10,Nasi Goreng Spesial
TRX1915,UMKM248,expense,162000.0,Cash,2022-11-23 04:15:10,Rendang Padang
TRX1916,UMKM248,income,86000.0,Gopay,2021-08-04 04:15:10,Es Campur
TRX1917,UMKM248,expense,212000.0,Transfer BNI,2022-04-04 04:15:10,Paket Nasi Box
TRX1918,UMKM248,expense,262000.0,-,2021-12-06 04:15:10,Keripik Singkong Pedas
TRX1919,UMKM248,expense,164000.0,,2022-02-11 04:15:10,Pudding Coklat
TRX1920,UMKM248,expense,65000.0,,2022-11-24 04:15:10,Opak Angin
TRX1921,UMKM248,income,156000.0,OVO,2021-07-20 04:15:10,
TRX1922,UMKM248,income,193000.0,Pembayaran tunai,2023-03-22 04:15:10,Nasi Goreng Spesial
TRX1923,UMKM248,income,118000.0,OVO,2022-03-29 04:15:10,Es Campur
TRX1924,UMKM248,expense,117000.0,Cash,2021-09-22 04:15:10,Es Teh Manis
TRX1925,UMKM248,income,73000.0,OVO,2022-07-03 04:15:10,Bolu Kukus
TRX1926,UMKM248,income,249000.0,OVO,2021-08-21 04:15:10,Es Campur
TRX1927,UMKM249,income,1354000.0,OVO,2024-06-07 04:03:21,Website Company Profile
TRX1928,UMKM249,income,3827000.0,Transfer BRI,2024-04-09 04:03:21,Platform E-commerce
TRX1929,UMKM249,income,3160000.0,OVO,2022-12-14 04:03:21,Laptop Refurbished
TRX1930,UMKM249,expense,3506000.0,Transfer Mandiri,2022-11-24 04:03:21,Maintenance Jaringan
TRX1931,UMKM249,expense,4599000.0,Transfer Mandiri,2024-04-23 04:03:21,
TRX1932,UMKM250,expense,984000.0,Transfer BNI,2022-07-01 22:02:55,Setelan Anak Lucu
TRX1933,UMKM250,income,532000.0,Dana,2022-09-27 22:02:55,Jaket Bomber Pria
TRX1934,UMKM250,expense,825000.0,Tunai,2022-03-05 22:02:55,Tas Kulit Mini
TRX1935,UMKM250,expense,600000.0,Transfer BNI,2022-08-17 22:02:55,Dompet Wanita
TRX1936,UMKM250,income,871000.0,Pembayaran tunai,2022-06-11 22:02:55,Celana Kulot
TRX1937,UMKM250,expense,730000.0,Cash,2021-08-03 22:02:55,Dress Anak Pesta
TRX1938,UMKM250,income,895000.0,,2022-06-09 22:02:55,Sandal Casual
TRX1939,UMKM250,income,273000.0,OVO,2021-06-06 22:02:55,Sandal Casual
TRX1940,UMKM250,income,830000.0,,2022-05-27 22:02:55,Gamis Syari
TRX1941,UMKM250,income,303000.0,Gopay,2023-02-17 22:02:55,Gamis Syari
TRX1942,UMKM250,income,746000.0,Dana,2021-05-30 22:02:55,Sandal Casual
TRX1943,UMKM251,expense,1595000.0,Transfer Mandiri,2023-05-16 05:42:39,Gudang Sewa
TRX1944,UMKM251,income,1270000.0,-,2023-10-12 05:42:39,
TRX1945,UMKM251,income,1838000.0,Gopay,2023-04-10 05:42:39,Tour Domestik
TRX1946,UMKM251,income,1662000.0,,2023-12-05 05:42:39,Antar Jemput Sekolah
TRX1947,UMKM252,expense,435000.0,,2023-06-24 21:11:44,Desain Feed Instagram
TRX1948,UMKM252,expense,2252000.0,Cash,2023-02-05 21:11:44,Konsultasi Hukum
TRX1949,UMKM252,expense,1929000.0,Transfer Mandiri,2024-04-28 21:11:44,Servis HP
TRX1950,UMKM252,income,2263000.0,Pembayaran tunai,2022-10-06 21:11:44,Konsultasi Bisnis
TRX1951,UMKM252,expense,2982000.0,Cash,2023-07-08 21:11:44,Gathering Perusahaan
TRX1952,UMKM252,income,1581000.0,OVO,2024-06-04 21:11:44,Konsultasi Bisnis
TRX1953,UMKM252,income,419000.0,,2023-03-14 21:11:44,Konsultasi Bisnis
TRX1954,UMKM252,expense,2410000.0,,2022-09-21 21:11:44,
TRX1955,UMKM252,income,559000.0,,2022-12-05 21:11:44,Konsultasi Bisnis
TRX1956,UMKM253,expense,176000.0,,2023-04-27 07:49:19,Sewa Pickup
TRX1957,UMKM253,expense,1747000.0,Tunai,2023-08-16 07:49:19,Pengiriman Barang Kota
TRX1958,UMKM253,expense,1171000.0,Tunai,2023-03-04 07:49:19,
TRX1959,UMKM253,income,1899000.0,OVO,2022-06-26 07:49:19,
TRX1960,UMKM253,income,1085000.0,,2022-02-05 07:49:19,Sewa Pickup
TRX1961,UMKM253,expense,464000.0,Tunai,2022-10-01 07:49:19,Jasa Packing Barang
TRX1962,UMKM253,income,1222000.0,OVO,2022-02-28 07:49:19,Paket Wisata Bali
TRX1963,UMKM253,income,1149000.0,Pembayaran tunai,2023-05-02 07:49:19,
TRX1964,UMKM254,expense,713000.0,Tunai,2024-06-20 19:32:36,Desain Undangan
TRX1965,UMKM254,income,773000.0,Dana,2024-08-07 19:32:36,Konsultasi Keuangan
TRX1966,UMKM254,income,1443000.0,OVO,2024-04-23 19:32:36,Editing Video
TRX1967,UMKM254,income,2231000.0,Pembayaran tunai,2024-04-21 19:32:36,Editing Video
TRX1968,UMKM254,expense,1909000.0,Transfer Mandiri,2024-04-09 19:32:36,
TRX1969,UMKM254,expense,576000.0,,2024-05-12 19:32:36,Penerjemah Dokumen
TRX1970,UMKM254,expense,2886000.0,,2025-06-01 19:32:36,Desain Banner
TRX1971,UMKM254,expense,941000.0,Transfer Mandiri,2024-04-20 19:32:36,Editing Video
TRX1972,UMKM255,expense,255000.0,,2025-06-02 21:43:32,Seblak Kering
TRX1973,UMKM255,income,51000.0,Transfer BRI,2023-11-19 21:43:32,
TRX1974,UMKM255,expense,266000.0,Tunai,2024-12-15 21:43:32,Risol Mayo
TRX1975,UMKM255,income,233000.0,,2024-08-05 21:43:32,Snack Box Meeting
TRX1976,UMKM255,income,33000.0,OVO,2025-01-07 21:43:32,Lontong Sayur
TRX1977,UMKM255,expense,237000.0,Transfer BNI,2025-10-12 21:43:32,Klepon
TRX1978,UMKM255,income,72000.0,Transfer BCA,2023-12-11 21:43:32,Lontong Sayur
TRX1979,UMKM255,income,267000.0,Transfer BRI,2025-06-26 21:43:32,Basreng Kering
TRX1980,UMKM255,income,217000.0,Transfer BCA,2025-01-15 21:43:32,
TRX1981,UMKM255,income,238000.0,Transfer BCA,2025-07-26 21:43:32,Lontong Sayur
TRX1982,UMKM255,expense,293000.0,Cash,2025-03-28 21:43:32,Paket Prasmanan
TRX1983,UMKM255,expense,34000.0,Transfer Mandiri,2024-01-18 21:43:32,Opak Angin
TRX1984,UMKM255,income,291000.0,Transfer BRI,2024-06-03 21:43:32,Lontong Sayur
TRX1985,UMKM255,income,241000.0,Gopay,2025-06-22 21:43:32,
TRX1986,UMKM255,income,162000.0,Transfer BRI,2023-12-29 21:43:32,Snack Box Meeting
TRX1987,UMKM255,income,16000.0,Transfer BCA,2024-09-20 21:43:32,Snack Box Meeting
TRX1988,UMKM255,expense,207000.0,Cash,2024-05-14 21:43:32,Klepon
TRX1989,UMKM256,income,140000.0,-,2023-04-01 23:47:02,Bibit Padi Ciherang
TRX1990,UMKM256,income,11000.0,Dana,2022-11-25 23:47:02,Bibit Padi Ciherang
TRX1991,UMKM256,expense,121000.0,Transfer BNI,2022-10-13 23:47:02,Tepung Mocaf
TRX1992,UMKM256,income,47000.0,,2024-03-31 23:47:02,Bibit Padi Ciherang
TRX1993,UMKM256,income,33000.0,Gopay,2023-04-02 23:47:02,Bibit Cabai Rawit
TRX1994,UMKM256,expense,226000.0,Transfer BNI,2022-09-23 23:47:02,Pupuk Kompos
TRX1995,UMKM256,expense,186000.0,Transfer Mandiri,2022-06-24 23:47:02,Cangkul Baja
TRX1996,UMKM257,income,622000.0,Gopay,2023-12-25 03:35:03,Aplikasi HR
TRX1997,UMKM257,income,4533000.0,Gopay,2025-04-08 03:35:03,Instalasi CCTV
TRX1998,UMKM257,expense,593000.0,Transfer Mandiri,2025-09-28 03:35:03,Instalasi CCTV
TRX1999,UMKM257,income,665000.0,Transfer BRI,2025-04-06 03:35:03,Software Akuntansi
TRX2000,UMKM257,income,3967000.0,Gopay,2025-04-04 03:35:03,Router WiFi
TRX2001,UMKM258,expense,41000.0,,2021-06-13 12:58:27,Miniatur Rumah Kayu
TRX2002,UMKM258,income,171000.0,Pembayaran tunai,2021-07-20 12:58:27,Pot Ban Bekas
TRX2003,UMKM258,income,234000.0,Dana,2022-09-07 12:58:27,Pot Tanah Liat
TRX2004,UMKM259,expense,837000.0,Tunai,2022-06-17 12:38:35,Konsultasi Keuangan
TRX2005,UMKM259,expense,654000.0,Transfer BNI,2023-06-10 12:38:35,Penerjemah Dokumen
TRX2006,UMKM259,income,2727000.0,Dana,2021-12-22 12:38:35,Desain Kemasan
TRX2007,UMKM259,income,2745000.0,,2022-04-03 12:38:35,Desain Undangan
TRX2008,UMKM259,income,1821000.0,Pembayaran tunai,2022-06-24 12:38:35,Desain Undangan
TRX2009,UMKM260,income,3167000.0,,2024-12-13 04:50:00,Maintenance Jaringan
TRX2010,UMKM260,income,3233000.0,,2024-02-22 04:50:00,Setup Server
TRX2011,UMKM260,income,3774000.0,,2024-02-10 04:50:00,IT Support Bulanan
TRX2012,UMKM260,expense,3192000.0,Transfer Mandiri,2025-03-17 04:50:00,Website Company Profile
TRX2013,UMKM260,income,3177000.0,Gopay,2024-07-27 04:50:00,IT Support Bulanan
TRX2014,UMKM260,income,757000.0,Transfer BRI,2024-03-04 04:50:00,Pembuatan Website
TRX2015,UMKM260,income,4517000.0,Pembayaran tunai,2024-11-27 04:50:00,Pembuatan Website
TRX2016,UMKM260,income,1189000.0,Dana,2023-09-14 04:50:00,Maintenance Jaringan
TRX2017,UMKM261,income,359000.0,Dana,2021-04-17 07:16:48,
TRX2018,UMKM261,expense,465000.0,,2022-08-18 07:16:48,Pot Ban Bekas
TRX2019,UMKM261,expense,203000.0,,2021-12-25 07:16:48,Hiasan Dinding Batik
TRX2020,UMKM261,income,85000.0,Transfer BRI,2022-02-01 07:16:48,Hiasan Koran Daur Ulang
TRX2021,UMKM261,income,116000.0,OVO,2021-06-01 07:16:48,Hiasan Koran Daur Ulang
TRX2022,UMKM261,income,300000.0,Gopay,2022-12-04 07:16:48,Hiasan Koran Daur Ulang
TRX2023,UMKM261,expense,226000.0,Transfer Mandiri,2021-12-24 07:16:48,Kursi Pallet Bekas
TRX2024,UMKM262,income,4432000.0,Transfer BRI,2024-06-08 01:26:02,Instalasi CCTV
TRX2025,UMKM262,expense,1143000.0,,2024-11-30 01:26:02,Software Akuntansi
TRX2026,UMKM262,expense,1924000.0,,2024-12-30 01:26:02,Aplikasi HR
TRX2027,UMKM262,expense,128000.0,Transfer Mandiri,2024-07-30 01:26:02,App Pemesanan Online
TRX2028,UMKM262,expense,286000.0,Cash,2023-09-22 01:26:02,Scanner Barcode
TRX2029,UMKM262,expense,2544000.0,Tunai,2025-01-10 01:26:02,App Mobile Android
TRX2030,UMKM262,expense,3892000.0,Tunai,2024-02-13 01:26:02,App Mobile Android
TRX2031,UMKM262,income,4560000.0,Transfer BCA,2025-03-10 01:26:02,Instalasi CCTV
TRX2032,UMKM262,expense,3574000.0,Cash,2024-11-10 01:26:02,Router WiFi
TRX2033,UMKM263,income,594000.0,,2022-08-01 04:58:36,Gelang Perak
TRX2034,UMKM263,expense,438000.0,,2023-03-22 04:58:36,Topi Baseball
TRX2035,UMKM263,income,893000.0,,2023-04-11 04:58:36,Gelang Perak
TRX2036,UMKM263,income,285000.0,Pembayaran tunai,2022-09-01 04:58:36,Gelang Perak
TRX2037,UMKM263,income,303000.0,,2023-07-30 04:58:36,Gelang Perak
TRX2038,UMKM263,income,521000.0,Dana,2022-12-27 04:58:36,Gelang Perak
TRX2039,UMKM264,income,6171000.0,Pembayaran tunai,2023-05-27 13:31:38,Jual Tanah Kavling
TRX2040,UMKM265,expense,367000.0,Cash,2021-08-15 02:25:10,Kursus Desain Canva
TRX2041,UMKM265,income,614000.0,Transfer BCA,2022-09-15 02:25:10,Kursus Digital Marketing
TRX2042,UMKM265,income,436000.0,Gopay,2021-10-07 02:25:10,Kursus Digital Marketing
TRX2043,UMKM265,income,281000.0,,2021-12-18 02:25:10,Buku TOEFL
TRX2044,UMKM265,income,115000.0,Transfer BRI,2022-07-02 02:25:10,Kursus Digital Marketing
TRX2045,UMKM265,income,1402000.0,OVO,2022-05-12 02:25:10,Kursus Digital Marketing
TRX2046,UMKM265,expense,908000.0,Cash,2022-08-12 02:25:10,Kursus Desain Canva
TRX2047,UMKM266,income,339000.0,OVO,2023-03-15 22:27:27,Kaos Souvenir
TRX2048,UMKM266,expense,417000.0,Cash,2023-03-09 22:27:27,
TRX2049,UMKM266,income,477000.0,Dana,2023-07-31 22:27:27,Hiasan Dinding Batik
TRX2050,UMKM266,income,480000.0,Pembayaran tunai,2022-09-18 22:27:27,Hiasan Dinding Batik
TRX2051,UMKM266,income,33000.0,Transfer BCA,2023-11-01 22:27:27,Hiasan Dinding Batik
TRX2052,UMKM267,expense,296000.0,Transfer Mandiri,2022-11-19 16:23:31,Celana Kulot
TRX2053,UMKM267,income,261000.0,Dana,2023-07-02 16:23:31,Blouse Wanita
TRX2054,UMKM267,expense,118000.0,Transfer Mandiri,2023-03-27 16:23:31,
TRX2055,UMKM267,expense,153000.0,-,2021-10-04 16:23:31,Celana Chino Pria
TRX2056,UMKM267,income,658000.0,Transfer BRI,2021-08-13 16:23:31,Kalung Emas Muda
TRX2057,UMKM267,income,84000.0,Pembayaran tunai,2023-05-27 16:23:31,Rok Midi
TRX2058,UMKM267,expense,507000.0,,2021-11-26 16:23:31,
TRX2059,UMKM267,expense,662000.0,,2022-02-27 16:23:31,Jaket Bomber Pria
TRX2060,UMKM267,expense,738000.0,Cash,2021-09-27 16:23:31,Rok Midi
TRX2061,UMKM268,income,34000.0,,2024-07-14 18:38:27,Keripik Pisang
TRX2062,UMKM268,income,135000.0,Pembayaran tunai,2024-04-30 18:38:27,Abon Ikan
TRX2063,UMKM268,income,32000.0,OVO,2025-10-09 18:38:27,Sabit Intan
TRX2064,UMKM268,expense,215000.0,,2025-03-07 18:38:27,Pupuk Urea 50kg
TRX2065,UMKM268,expense,234000.0,Transfer BNI,2025-09-22 18:38:27,Pupuk Organik Cair
TRX2066,UMKM268,expense,129000.0,Cash,2025-06-27 18:38:27,Sabit Intan
TRX2067,UMKM269,expense,291000.0,,2024-02-01 15:26:43,Temulawak Kapsul
TRX2068,UMKM269,expense,126000.0,Tunai,2024-03-29 15:26:43,
TRX2069,UMKM269,income,401000.0,Dana,2023-09-06 15:26:43,Kursi Roda Lipat
TRX2070,UMKM269,expense,457000.0,Transfer BNI,2023-06-28 15:26:43,Kalsium Tablet
TRX2071,UMKM270,income,33000.0,,2023-02-17 20:52:41,Dadar Gulung
TRX2072,UMKM270,income,76000.0,,2023-06-10 20:52:41,Risol Mayo
TRX2073,UMKM270,income,262000.0,OVO,2023-09-15 20:52:41,Snack Box Meeting
TRX2074,UMKM270,income,153000.0,Transfer BRI,2023-08-18 20:52:41,Snack Box Meeting
TRX2075,UMKM270,income,124000.0,OVO,2023-03-01 20:52:41,Risol Mayo
TRX2076,UMKM270,income,299000.0,Transfer BCA,2024-04-10 20:52:41,Dadar Gulung
TRX2077,UMKM270,income,168000.0,Transfer BCA,2024-02-12 20:52:41,Snack Box Meeting
TRX2078,UMKM270,income,300000.0,OVO,2024-02-19 20:52:41,Dadar Gulung
TRX2079,UMKM270,income,169000.0,,2024-06-10 20:52:41,Snack Box Meeting
TRX2080,UMKM270,income,126000.0,Transfer BCA,2023-01-28 20:52:41,Risol Mayo
TRX2081,UMKM270,expense,159000.0,Transfer BNI,2023-05-05 20:52:41,Klepon
TRX2082,UMKM270,expense,78000.0,,2023-07-01 20:52:41,Gado-Gado
TRX2083,UMKM270,income,271000.0,Transfer BCA,2024-06-18 20:52:41,Snack Box Meeting
TRX2084,UMKM270,income,118000.0,Gopay,2023-10-27 20:52:41,
TRX2085,UMKM270,expense,216000.0,Tunai,2023-05-20 20:52:41,Gado-Gado
TRX2086,UMKM270,income,158000.0,,2023-05-31 20:52:41,Dadar Gulung
TRX2087,UMKM270,income,145000.0,Pembayaran tunai,2024-09-26 20:52:41,Rendang Padang
TRX2088,UMKM270,income,36000.0,Transfer BCA,2023-01-05 20:52:41,Risol Mayo
TRX2089,UMKM270,expense,290000.0,Transfer BNI,2023-10-16 20:52:41,Es Boba
TRX2090,UMKM271,income,4946000.0,Transfer BRI,2024-02-29 04:41:56,Smart Lock Pintu
TRX2091,UMKM271,expense,1534000.0,Transfer Mandiri,2023-01-29 04:41:56,
TRX2092,UMKM271,expense,3599000.0,Transfer Mandiri,2024-04-07 04:41:56,App Pemesanan Online
TRX2093,UMKM271,income,4653000.0,,2023-10-19 04:41:56,Smart Lock Pintu
TRX2094,UMKM271,expense,4160000.0,,2024-06-23 04:41:56,
TRX2095,UMKM271,expense,484000.0,Transfer Mandiri,2023-09-01 04:41:56,Kamera IP CCTV
TRX2096,UMKM271,income,2921000.0,Dana,2024-03-19 04:41:56,Smart Lock Pintu
TRX2097,UMKM271,expense,3222000.0,Tunai,2022-12-24 04:41:56,Smart Lock Pintu
TRX2098,UMKM272,expense,1659000.0,,2024-10-17 17:39:20,Kurir Ekspres Lokal
TRX2099,UMKM272,expense,1124000.0,Transfer BNI,2024-09-09 17:39:20,Ekspedisi Antar Pulau
TRX2100,UMKM272,income,702000.0,Transfer BRI,2023-09-21 17:39:20,Servis Rem
TRX2101,UMKM272,income,1476000.0,Gopay,2023-06-13 17:39:20,Last Mile Delivery
TRX2102,UMKM272,expense,902000.0,,2023-08-23 17:39:20,Cuci Mobil
TRX2103,UMKM272,income,886000.0,OVO,2024-11-16 17:39:20,Last Mile Delivery
TRX2104,UMKM272,income,355000.0,OVO,2024-06-14 17:39:20,Servis Rem
TRX2105,UMKM272,expense,664000.0,Tunai,2024-09-27 17:39:20,Open Trip Bromo
TRX2106,UMKM273,income,197000.0,Transfer BCA,2022-05-22 10:51:49,Seblak Kering
TRX2107,UMKM273,income,99000.0,Transfer BRI,2022-11-21 10:51:49,Seblak Kering
TRX2108,UMKM273,income,280000.0,Gopay,2023-03-13 10:51:49,Seblak Kering
TRX2109,UMKM273,expense,247000.0,Cash,2023-04-04 10:51:49,Risol Mayo
TRX2110,UMKM273,expense,128000.0,Transfer BNI,2023-05-11 10:51:49,Kopi Susu
TRX2111,UMKM273,income,120000.0,Pembayaran tunai,2021-11-15 10:51:49,Seblak Kering
TRX2112,UMKM273,income,158000.0,Transfer BCA,2022-01-26 10:51:49,Seblak Kering
TRX2113,UMKM273,expense,78000.0,,2022-01-08 10:51:49,Bolu Kukus
TRX2114,UMKM273,expense,242000.0,Cash,2022-09-17 10:51:49,
TRX2115,UMKM273,expense,34000.0,,2022-12-16 10:51:49,Keripik Singkong Pedas
TRX2116,UMKM273,income,292000.0,Transfer BCA,2021-07-31 10:51:49,Seblak Kering
TRX2117,UMKM273,income,216000.0,OVO,2021-11-21 10:51:49,Seblak Kering
TRX2118,UMKM273,income,218000.0,Transfer BCA,2022-03-18 10:51:49,Seblak Kering
TRX2119,UMKM273,income,290000.0,Pembayaran tunai,2021-10-21 10:51:49,Seblak Kering
TRX2126,UMKM275,income,179000.0,Pembayaran tunai,2024-05-19 00:11:46,
TRX2127,UMKM275,expense,50000.0,Tunai,2024-07-02 00:11:46,Sabit Intan
TRX2128,UMKM275,income,240000.0,Transfer BRI,2024-12-28 00:11:46,Selai Nanas
TRX2129,UMKM276,expense,194000.0,Transfer BNI,2023-01-01 17:39:14,Cireng Isi
TRX2130,UMKM276,expense,52000.0,,2022-08-12 17:39:14,Kue Cubit
TRX2131,UMKM276,expense,279000.0,Tunai,2023-04-22 17:39:14,
TRX2132,UMKM276,expense,102000.0,Cash,2023-02-16 17:39:14,Dadar Gulung
TRX2133,UMKM276,income,31000.0,Dana,2023-09-30 17:39:14,Es Campur
TRX2134,UMKM276,income,142000.0,,2022-12-27 17:39:14,Brownies Kukus
TRX2135,UMKM276,expense,198000.0,Transfer BNI,2022-11-25 17:39:14,Wedang Jahe
TRX2136,UMKM276,expense,25000.0,Cash,2022-11-24 17:39:14,Nasi Goreng Spesial
TRX2137,UMKM276,expense,42000.0,Transfer BNI,2022-12-04 17:39:14,Rendang Padang
TRX2138,UMKM276,expense,101000.0,Transfer Mandiri,2024-01-30 17:39:14,Paket Prasmanan
TRX2139,UMKM276,expense,291000.0,Cash,2022-12-03 17:39:14,Snack Box Meeting
TRX2140,UMKM276,expense,116000.0,Transfer Mandiri,2023-09-13 17:39:14,Teh Tarik
TRX2141,UMKM276,income,250000.0,Dana,2023-09-11 17:39:14,Catering Pernikahan
TRX2142,UMKM276,income,111000.0,Transfer BRI,2023-10-11 17:39:14,Catering Pernikahan
TRX2143,UMKM276,income,175000.0,Pembayaran tunai,2023-04-30 17:39:14,Catering Pernikahan
TRX2144,UMKM276,expense,160000.0,Cash,2022-12-13 17:39:14,Catering Pernikahan
TRX2145,UMKM276,income,12000.0,,2023-05-19 17:39:14,Es Campur
TRX2146,UMKM277,expense,123000.0,Tunai,2022-03-06 00:44:28,
TRX2147,UMKM277,expense,494000.0,,2022-05-30 00:44:28,Multivitamin Anak
TRX2148,UMKM277,income,112000.0,,2023-04-01 00:44:28,Jamu Beras Kencur
TRX2149,UMKM277,income,394000.0,Transfer BRI,2023-04-22 00:44:28,Madu Murni
TRX2150,UMKM278,income,65000.0,OVO,2024-10-25 07:08:50,Keripik Singkong Pedas
TRX2151,UMKM278,income,250000.0,,2024-09-09 07:08:50,
TRX2152,UMKM278,income,129000.0,Gopay,2024-08-07 07:08:50,Paket Prasmanan
TRX2153,UMKM278,expense,109000.0,Transfer BNI,2024-05-12 07:08:50,Cireng Isi
TRX2154,UMKM278,expense,208000.0,Transfer BNI,2023-12-31 07:08:50,
TRX2155,UMKM278,income,127000.0,Gopay,2025-07-19 07:08:50,Makaroni Goreng
TRX2156,UMKM278,expense,287000.0,Cash,2024-01-09 07:08:50,Snack Box Meeting
TRX2157,UMKM278,income,169000.0,Transfer BCA,2025-07-28 07:08:50,Keripik Singkong Pedas
TRX2158,UMKM278,income,149000.0,Pembayaran tunai,2024-09-10 07:08:50,
TRX2159,UMKM278,income,199000.0,OVO,2023-11-17 07:08:50,Catering Kantor
TRX2160,UMKM278,income,243000.0,Transfer BCA,2024-05-27 07:08:50,Pudding Coklat
TRX2161,UMKM278,expense,278000.0,Transfer Mandiri,2025-04-09 07:08:50,Klepon
TRX2162,UMKM278,income,188000.0,,2024-02-28 07:08:50,Paket Prasmanan
TRX2163,UMKM278,income,162000.0,Pembayaran tunai,2025-07-21 07:08:50,
TRX2164,UMKM278,expense,138000.0,,2024-04-21 07:08:50,Kue Cubit
TRX2165,UMKM279,expense,418000.0,,2023-07-27 17:34:55,Jaket Bomber Pria
TRX2166,UMKM279,income,575000.0,,2025-04-14 17:34:55,Heels Wanita
TRX2167,UMKM279,income,953000.0,OVO,2024-08-19 17:34:55,Dress Anak Pesta
TRX2168,UMKM279,income,559000.0,Transfer BRI,2023-10-13 17:34:55,Dress Anak Pesta
TRX2169,UMKM279,expense,527000.0,,2024-01-25 17:34:55,Sepatu Formal Pria
TRX2170,UMKM279,expense,150000.0,,2023-08-02 17:34:55,Gamis Syari
TRX2171,UMKM279,income,872000.0,OVO,2023-08-04 17:34:55,Setelan Anak Lucu
TRX2172,UMKM279,expense,789000.0,Tunai,2024-01-25 17:34:55,Gamis Syari
TRX2173,UMKM279,expense,530000.0,Transfer BNI,2023-11-02 17:34:55,Sepatu Sneakers
TRX2174,UMKM280,expense,829000.0,Transfer Mandiri,2024-05-26 20:28:22,Kemeja Batik Pria
TRX2175,UMKM280,expense,909000.0,-,2024-06-28 20:28:22,Slip On Polos
TRX2176,UMKM280,income,377000.0,Dana,2024-05-31 20:28:22,Gelang Perak
TRX2177,UMKM280,income,986000.0,Gopay,2025-05-08 20:28:22,Tas Kulit Mini
TRX2178,UMKM280,income,258000.0,Pembayaran tunai,2025-04-01 20:28:22,Gelang Perak
TRX2179,UMKM280,expense,429000.0,,2023-12-10 20:28:22,Sandal Casual
TRX2180,UMKM280,expense,370000.0,Transfer Mandiri,2023-10-29 20:28:22,Ikat Pinggang Pria
TRX2181,UMKM280,income,473000.0,Dana,2024-10-18 20:28:22,Tas Kulit Mini
TRX2182,UMKM281,expense,96000.0,Cash,2024-04-12 02:30:44,Topi Baseball
TRX2183,UMKM281,expense,626000.0,Transfer Mandiri,2023-10-20 02:30:44,Tas Kulit Mini
TRX2184,UMKM281,income,934000.0,OVO,2023-01-04 02:30:44,Baju Tidur Anak
TRX2185,UMKM281,income,276000.0,Pembayaran tunai,2022-09-29 02:30:44,Jaket Anak
TRX2186,UMKM281,income,809000.0,Pembayaran tunai,2024-01-19 02:30:44,Rok Midi
TRX2187,UMKM281,income,199000.0,,2022-07-23 02:30:44,Baju Tidur Anak
TRX2188,UMKM281,income,66000.0,OVO,2024-04-17 02:30:44,Baju Tidur Anak
TRX2189,UMKM281,income,317000.0,,2023-04-20 02:30:44,Rok Midi
TRX2190,UMKM282,income,308000.0,Transfer BCA,2023-08-03 16:34:35,Kalung Macrame
TRX2191,UMKM282,expense,324000.0,Tunai,2022-06-09 16:34:35,Lampu Rotan
TRX2192,UMKM282,expense,321000.0,Tunai,2023-09-11 16:34:35,Pot Tanah Liat
TRX2193,UMKM282,expense,393000.0,Cash,2022-06-20 16:34:35,Tas Plastik Daur Ulang
TRX2194,UMKM282,expense,238000.0,Transfer BNI,2023-12-08 16:34:35,Kalung Macrame
TRX2195,UMKM282,expense,176000.0,Transfer BNI,2023-04-22 16:34:35,
TRX2196,UMKM283,income,83000.0,,2023-02-07 00:34:12,Dadar Gulung
TRX2197,UMKM283,income,105000.0,Transfer BRI,2024-03-14 00:34:12,Nasi Goreng Spesial
TRX2198,UMKM283,income,173000.0,OVO,2023-12-26 00:34:12,Dadar Gulung
TRX2199,UMKM283,expense,122000.0,,2023-07-08 00:34:12,Cireng Isi
TRX2200,UMKM283,expense,199000.0,,2024-11-27 00:34:12,Kue Cubit
TRX2201,UMKM283,expense,296000.0,,2024-07-19 00:34:12,Brownies Kukus
TRX2202,UMKM283,expense,130000.0,,2023-06-24 00:34:12,Teh Tarik
TRX2203,UMKM283,income,260000.0,Gopay,2024-08-18 00:34:12,Nasi Goreng Spesial
TRX2204,UMKM283,income,286000.0,Pembayaran tunai,2023-11-03 00:34:12,Es Campur
TRX2205,UMKM283,expense,177000.0,Transfer BNI,2023-09-25 00:34:12,Mie Ayam Pangsit
TRX2206,UMKM283,income,136000.0,Pembayaran tunai,2024-03-13 00:34:12,Dadar Gulung
TRX2207,UMKM283,expense,255000.0,Transfer Mandiri,2024-10-22 00:34:12,Klepon
TRX2208,UMKM283,income,256000.0,Transfer BRI,2024-04-18 00:34:12,Brownies Kukus
TRX2209,UMKM283,income,240000.0,Transfer BCA,2023-02-27 00:34:12,Mie Ayam Pangsit
TRX2210,UMKM283,expense,91000.0,,2023-07-16 00:34:12,Opak Angin
TRX2211,UMKM284,income,185000.0,Gopay,2022-07-12 06:29:51,Kue Cubit
TRX2212,UMKM284,income,91000.0,Transfer BCA,2022-07-03 06:29:51,
TRX2213,UMKM284,expense,76000.0,Transfer Mandiri,2021-06-19 06:29:51,Basreng Kering
TRX2214,UMKM284,income,284000.0,,2021-08-01 06:29:51,Kue Cubit
TRX2215,UMKM284,income,255000.0,Gopay,2021-09-07 06:29:51,
TRX2216,UMKM284,expense,99000.0,Tunai,2022-01-11 06:29:51,Nasi Padang
TRX2217,UMKM284,expense,282000.0,,2021-12-31 06:29:51,Kopi Susu
TRX2218,UMKM284,expense,35000.0,-,2021-09-08 06:29:51,Mie Ayam Pangsit
TRX2219,UMKM284,income,273000.0,Transfer BCA,2022-09-09 06:29:51,Kue Cubit
TRX2220,UMKM284,expense,22000.0,Transfer Mandiri,2021-12-10 06:29:51,Seblak Kering
TRX2221,UMKM284,expense,43000.0,,2022-09-21 06:29:51,Wedang Jahe
TRX2222,UMKM284,income,29000.0,,2021-11-20 06:29:51,Pudding Coklat
TRX2223,UMKM285,income,1615000.0,Gopay,2022-09-11 17:26:15,Driver Harian
TRX2224,UMKM285,income,63000.0,,2021-07-14 17:26:15,Pengiriman Barang Kota
TRX2225,UMKM285,income,894000.0,Transfer BRI,2022-08-05 17:26:15,Pengiriman Barang Kota
TRX2226,UMKM285,income,331000.0,Dana,2021-07-06 17:26:15,Pengiriman Barang Kota
TRX2227,UMKM285,income,1775000.0,Pembayaran tunai,2022-05-31 17:26:15,Pengiriman Barang Kota
TRX2232,UMKM287,expense,718000.0,Cash,2023-05-02 12:17:17,
TRX2233,UMKM287,income,137000.0,Transfer BCA,2022-08-06 12:17:17,Penulisan Artikel SEO
TRX2234,UMKM287,income,995000.0,OVO,2024-04-24 12:17:17,Penulisan Artikel SEO
TRX2235,UMKM287,income,2171000.0,Transfer BCA,2023-01-16 12:17:17,Penulisan Artikel SEO
TRX2236,UMKM287,income,1967000.0,Gopay,2022-11-26 12:17:17,Penulisan Artikel SEO
TRX2237,UMKM287,income,1628000.0,Transfer BRI,2023-12-03 12:17:17,Penulisan Artikel SEO
TRX2238,UMKM287,income,347000.0,Pembayaran tunai,2022-07-10 12:17:17,Penulisan Artikel SEO
TRX2239,UMKM287,income,2630000.0,Dana,2023-11-11 12:17:17,Penulisan Artikel SEO
TRX2240,UMKM287,expense,2712000.0,Cash,2024-04-10 12:17:17,Konsultasi Pajak
TRX2241,UMKM288,income,356000.0,Pembayaran tunai,2024-06-24 00:48:40,Pijat Tradisional
TRX2242,UMKM288,income,493000.0,Transfer BCA,2024-07-30 00:48:40,Pijat Tradisional
TRX2243,UMKM288,income,330000.0,,2024-08-05 00:48:40,Pijat Tradisional
TRX2244,UMKM288,expense,482000.0,,2024-10-07 00:48:40,Probiotik Sachet
TRX2245,UMKM289,income,544000.0,Transfer BCA,2023-01-31 11:02:13,Slip On Polos
TRX2246,UMKM289,income,725000.0,Transfer BRI,2022-07-02 11:02:13,Sandal Casual
TRX2247,UMKM289,income,549000.0,Pembayaran tunai,2023-01-29 11:02:13,Celana Pendek Anak
TRX2248,UMKM289,income,66000.0,Pembayaran tunai,2022-11-24 11:02:13,Celana Kulot
TRX2249,UMKM289,expense,56000.0,Cash,2022-06-05 11:02:13,Dress Anak Pesta
TRX2250,UMKM289,expense,594000.0,Transfer Mandiri,2023-05-30 11:02:13,Rok Midi
TRX2251,UMKM289,expense,614000.0,,2022-04-04 11:02:13,
TRX2252,UMKM289,income,471000.0,Transfer BCA,2023-04-20 11:02:13,Celana Kulot
TRX2253,UMKM289,expense,62000.0,,2022-06-06 11:02:13,Baju Tidur Anak
TRX2254,UMKM289,income,67000.0,Pembayaran tunai,2023-12-25 11:02:13,Celana Kulot
TRX2255,UMKM290,expense,592000.0,,2024-10-28 01:09:22,Celana Chino Pria
TRX2256,UMKM290,income,789000.0,Gopay,2024-11-19 01:09:22,Kaos Polos Pria
TRX2257,UMKM290,income,331000.0,,2025-07-10 01:09:22,
TRX2258,UMKM290,income,598000.0,,2024-02-20 01:09:22,Baju Tidur Anak
TRX2259,UMKM290,income,343000.0,Transfer BRI,2023-11-14 01:09:22,Kaos Polos Pria
TRX2260,UMKM290,income,67000.0,OVO,2024-01-04 01:09:22,Rok Midi
TRX2261,UMKM290,expense,564000.0,,2023-10-10 01:09:22,Ikat Pinggang Pria
TRX2262,UMKM290,income,882000.0,Transfer BCA,2024-01-04 01:09:22,Kaos Polos Pria
TRX2263,UMKM291,expense,2958000.0,Tunai,2023-06-13 12:09:29,Voice Over
TRX2264,UMKM291,income,2860000.0,Transfer BCA,2023-07-15 12:09:29,Konsultasi Keuangan
TRX2265,UMKM291,expense,1863000.0,Tunai,2023-08-12 12:09:29,
TRX2266,UMKM291,income,834000.0,Dana,2024-01-06 12:09:29,Editing Video
TRX2267,UMKM291,income,538000.0,Dana,2024-05-27 12:09:29,Servis AC Split
TRX2268,UMKM291,expense,494000.0,Tunai,2023-08-10 12:09:29,Konsultasi Keuangan
TRX2269,UMKM291,income,2247000.0,Gopay,2022-11-15 12:09:29,Servis AC Split
TRX2270,UMKM291,income,709000.0,OVO,2023-04-10 12:09:29,Editing Video
TRX2271,UMKM291,income,1087000.0,Transfer BCA,2023-08-09 12:09:29,Konsultasi Hukum
TRX2272,UMKM291,expense,886000.0,Cash,2023-04-24 12:09:29,Konsultasi Pajak
TRX2273,UMKM292,income,332000.0,Transfer BRI,2024-06-19 06:18:53,Kunyit Asam
TRX2274,UMKM292,income,284000.0,,2025-03-14 06:18:53,Refleksi Kaki
TRX2275,UMKM292,income,144000.0,Gopay,2025-07-19 06:18:53,Kunyit Asam
TRX2276,UMKM293,income,6307000.0,Transfer BRI,2023-04-29 10:15:51,Renovasi Kamar Mandi
TRX2277,UMKM293,expense,4879000.0,Transfer Mandiri,2023-03-06 10:15:51,Sewa Villa
TRX2278,UMKM293,income,7002000.0,,2023-03-09 10:15:51,Jual Rumah KPR
TRX2279,UMKM294,expense,211000.0,Transfer Mandiri,2024-12-08 08:44:41,Pelatihan Leadership
TRX2280,UMKM294,income,814000.0,Pembayaran tunai,2024-08-22 08:44:41,Buku Resep Masakan
TRX2281,UMKM294,income,881000.0,,2024-05-10 08:44:41,Buku Resep Masakan
TRX2282,UMKM294,income,990000.0,,2024-10-29 08:44:41,Buku Resep Masakan
TRX2283,UMKM295,income,2414000.0,Dana,2023-03-08 06:29:36,Konsultasi Hukum
TRX2284,UMKM295,income,1096000.0,,2023-10-29 06:29:36,Servis Laptop
TRX2285,UMKM295,income,2955000.0,Transfer BRI,2023-03-02 06:29:36,Konsultasi Hukum
TRX2286,UMKM295,income,1025000.0,,2023-06-11 06:29:36,Servis Laptop
TRX2287,UMKM295,income,1328000.0,Dana,2024-04-16 06:29:36,Voice Over
TRX2288,UMKM296,expense,46000.0,,2025-09-21 18:06:08,Seblak Kering
TRX2289,UMKM296,expense,21000.0,Transfer BNI,2025-08-02 18:06:08,Kopi Susu
TRX2290,UMKM296,expense,52000.0,Cash,2025-03-09 18:06:08,Risol Mayo
TRX2291,UMKM296,income,212000.0,Gopay,2024-01-22 18:06:08,Cireng Isi
TRX2292,UMKM296,expense,199000.0,Transfer Mandiri,2025-09-24 18:06:08,Paket Nasi Box
TRX2293,UMKM296,income,198000.0,Pembayaran tunai,2025-07-03 18:06:08,Seblak Kering
TRX2294,UMKM296,expense,287000.0,Tunai,2024-07-12 18:06:08,Nasi Goreng Spesial
TRX2295,UMKM296,income,248000.0,Pembayaran tunai,2024-05-03 18:06:08,Seblak Kering
TRX2296,UMKM296,expense,33000.0,,2024-08-23 18:06:08,Lontong Sayur
TRX2297,UMKM296,expense,9000.0,Cash,2025-06-24 18:06:08,
TRX2298,UMKM296,expense,92000.0,,2024-02-05 18:06:08,Paket Nasi Box
TRX2299,UMKM296,expense,47000.0,Transfer BNI,2025-01-03 18:06:08,Wedang Jahe
TRX2300,UMKM296,expense,260000.0,,2025-02-26 18:06:08,
TRX2301,UMKM296,income,227000.0,OVO,2024-03-11 18:06:08,Seblak Kering
TRX2302,UMKM297,income,179000.0,Transfer BCA,2024-04-18 01:55:45,Pupuk Urea 50kg
TRX2303,UMKM297,income,299000.0,Dana,2024-02-14 01:55:45,Ubi Jalar
TRX2304,UMKM297,income,58000.0,OVO,2024-04-22 01:55:45,Ubi Jalar
TRX2305,UMKM297,expense,280000.0,Transfer Mandiri,2023-03-26 01:55:45,Mesin Pompa Air
TRX2311,UMKM299,income,1023000.0,,2022-08-07 02:48:03,Bimbel Bahasa Inggris
TRX2312,UMKM299,expense,605000.0,Cash,2022-02-24 02:48:03,Kursus Desain Canva
TRX2313,UMKM299,income,145000.0,,2023-01-12 02:48:03,Kursus Digital Marketing
TRX2314,UMKM299,income,202000.0,Transfer BCA,2022-03-16 02:48:03,Bimbel SBMPTN
TRX2315,UMKM300,income,2396000.0,Transfer BRI,2022-03-08 15:19:42,Monitoring Listrik IoT
TRX2316,UMKM300,income,4548000.0,-,2022-04-25 15:19:42,Website Company Profile
TRX2317,UMKM300,income,4716000.0,Transfer BRI,2021-05-25 15:19:42,Platform E-commerce
TRX2318,UMKM300,income,369000.0,Pembayaran tunai,2021-12-27 15:19:42,Website Company Profile
TRX2319,UMKM300,expense,1569000.0,Transfer Mandiri,2022-09-22 15:19:42,Pembuatan Website
TRX2320,UMKM301,income,171000.0,Dana,2022-12-20 05:08:05,Traktor Mini
TRX2321,UMKM301,income,18000.0,Transfer BRI,2023-01-12 05:08:05,Dodol Nangka
TRX2322,UMKM301,income,116000.0,,2023-04-16 05:08:05,Pupuk Organik Cair
TRX2323,UMKM301,expense,83000.0,Cash,2022-10-16 05:08:05,Dodol Nangka
TRX2324,UMKM301,income,213000.0,Transfer BCA,2024-04-21 05:08:05,Pupuk Organik Cair
TRX2325,UMKM301,expense,49000.0,Transfer Mandiri,2024-03-05 05:08:05,Dodol Nangka
TRX2326,UMKM301,income,163000.0,Gopay,2023-04-13 05:08:05,Cangkul Baja
TRX2327,UMKM302,expense,88000.0,Tunai,2022-09-17 03:44:50,Dadar Gulung
TRX2328,UMKM302,expense,293000.0,Transfer BNI,2021-10-20 03:44:50,Nasi Padang
TRX2329,UMKM302,income,128000.0,Pembayaran tunai,2021-12-19 03:44:50,Paket Prasmanan
TRX2330,UMKM302,income,295000.0,,2022-11-17 03:44:50,Klepon
TRX2331,UMKM302,income,204000.0,,2022-10-08 03:44:50,Mie Ayam Pangsit
TRX2332,UMKM302,income,281000.0,Gopay,2022-01-13 03:44:50,Mie Ayam Pangsit
TRX2333,UMKM302,income,174000.0,Gopay,2022-01-22 03:44:50,Mie Ayam Pangsit
TRX2334,UMKM302,expense,201000.0,,2021-11-30 03:44:50,Dadar Gulung
TRX2335,UMKM302,expense,76000.0,Transfer Mandiri,2022-06-07 03:44:50,
TRX2336,UMKM302,income,45000.0,Transfer BRI,2023-01-16 03:44:50,Mie Ayam Pangsit
TRX2337,UMKM302,income,261000.0,Gopay,2023-04-08 03:44:50,Risol Mayo
TRX2338,UMKM302,expense,182000.0,Cash,2023-02-15 03:44:50,Bakso Mercon
TRX2339,UMKM303,expense,319000.0,Tunai,2023-06-11 23:46:03,
TRX2340,UMKM303,expense,500000.0,,2022-04-26 23:46:03,Konsultasi Marketing
TRX2341,UMKM303,expense,1890000.0,,2022-05-30 23:46:03,Data Entry
TRX2342,UMKM303,income,1050000.0,OVO,2023-04-01 23:46:03,Desain Banner
TRX2343,UMKM303,expense,411000.0,Cash,2022-04-05 23:46:03,Penulisan Artikel SEO
TRX2344,UMKM304,expense,199000.0,Tunai,2024-08-08 09:14:51,
TRX2345,UMKM304,income,334000.0,Dana,2024-10-06 09:14:51,Mug Foto
TRX2346,UMKM304,income,418000.0,,2023-04-09 09:14:51,Mug Foto
TRX2347,UMKM304,expense,339000.0,Cash,2024-09-16 09:14:51,
TRX2348,UMKM304,expense,329000.0,Transfer Mandiri,2024-01-28 09:14:51,
TRX2349,UMKM305,expense,208000.0,,2024-06-08 14:10:08,
TRX2350,UMKM305,expense,172000.0,Transfer Mandiri,2023-08-08 14:10:08,Klepon
TRX2351,UMKM305,income,20000.0,Pembayaran tunai,2023-12-06 14:10:08,Klepon
TRX2352,UMKM305,income,144000.0,OVO,2024-10-31 14:10:08,Klepon
TRX2353,UMKM305,income,235000.0,Transfer BCA,2024-03-20 14:10:08,Klepon
TRX2354,UMKM305,income,256000.0,Gopay,2023-03-25 14:10:08,Cireng Isi
TRX2355,UMKM305,income,121000.0,OVO,2023-03-01 14:10:08,Klepon
TRX2356,UMKM305,expense,187000.0,Transfer Mandiri,2023-10-15 14:10:08,Rendang Padang
TRX2357,UMKM305,income,288000.0,Transfer BRI,2024-01-03 14:10:08,Cireng Isi
TRX2358,UMKM305,expense,197000.0,Cash,2023-05-08 14:10:08,
TRX2359,UMKM305,income,226000.0,Transfer BRI,2024-05-10 14:10:08,Klepon
TRX2360,UMKM305,expense,100000.0,,2023-08-23 14:10:08,Catering Kantor
TRX2361,UMKM305,income,199000.0,OVO,2024-08-28 14:10:08,Klepon
TRX2362,UMKM305,income,48000.0,Transfer BRI,2024-08-26 14:10:08,Klepon
TRX2363,UMKM305,expense,156000.0,Cash,2023-03-23 14:10:08,
TRX2364,UMKM305,expense,131000.0,,2023-09-17 14:10:08,Rendang Padang
TRX2365,UMKM305,income,42000.0,,2023-12-05 14:10:08,Cireng Isi
TRX2366,UMKM305,expense,47000.0,Transfer BNI,2024-11-17 14:10:08,Paket Nasi Box
TRX2367,UMKM306,income,2295000.0,,2024-05-16 10:39:42,Pembuatan Website
TRX2368,UMKM306,income,1363000.0,Gopay,2023-09-12 10:39:42,Pembuatan Website
TRX2369,UMKM306,expense,3212000.0,Cash,2023-06-02 10:39:42,
TRX2370,UMKM306,expense,1363000.0,,2024-05-23 10:39:42,Sistem ERP
TRX2371,UMKM306,income,3291000.0,Transfer BCA,2023-07-04 10:39:42,Pembuatan Website
TRX2372,UMKM307,income,374000.0,Dana,2022-11-14 08:48:24,Sepatu Boots
TRX2373,UMKM307,income,419000.0,Transfer BRI,2023-10-10 08:48:24,Sepatu Boots
TRX2374,UMKM307,income,159000.0,,2023-05-10 08:48:24,Sepatu Boots
TRX2375,UMKM307,expense,143000.0,Tunai,2024-04-08 08:48:24,Heels Wanita
TRX2376,UMKM307,expense,55000.0,Cash,2023-09-30 08:48:24,
TRX2377,UMKM307,expense,365000.0,Transfer BNI,2023-12-09 08:48:24,Slip On Polos
TRX2378,UMKM308,income,960000.0,Transfer BRI,2023-11-15 08:47:43,Paket Wisata Bali
TRX2379,UMKM308,income,787000.0,OVO,2022-04-12 08:47:43,Paket Wisata Bali
TRX2380,UMKM308,expense,1609000.0,-,2023-10-20 08:47:43,Jasa Titip Belanja
TRX2381,UMKM308,income,602000.0,Transfer BRI,2022-12-19 08:47:43,Gudang Sewa
TRX2382,UMKM308,expense,259000.0,Transfer BNI,2023-04-06 08:47:43,Paket Umroh
TRX2383,UMKM308,expense,321000.0,Tunai,2023-07-02 08:47:43,Sewa Mobil Harian
TRX2384,UMKM309,income,457000.0,Gopay,2021-11-01 08:49:20,Gathering Perusahaan
TRX2385,UMKM309,income,867000.0,Transfer BCA,2023-03-16 08:49:20,
TRX2386,UMKM309,income,1865000.0,Pembayaran tunai,2022-06-29 08:49:20,Event Launching Produk
TRX2387,UMKM309,income,1938000.0,,2022-06-25 08:49:20,Servis HP
TRX2388,UMKM309,expense,2381000.0,Tunai,2022-03-29 08:49:20,Seminar Nasional
TRX2389,UMKM309,income,2372000.0,Transfer BRI,2023-03-27 08:49:20,Servis HP
TRX2390,UMKM309,income,2198000.0,OVO,2023-02-08 08:49:20,Servis HP
TRX2391,UMKM310,income,885000.0,Pembayaran tunai,2023-02-10 00:52:37,Cuci Mobil
TRX2392,UMKM310,expense,261000.0,,2022-02-13 00:52:37,Balancing Roda
TRX2393,UMKM310,income,103000.0,Pembayaran tunai,2021-10-13 00:52:37,Cuci Mobil
TRX2394,UMKM310,income,233000.0,,2022-09-18 00:52:37,Sewa Motor Harian
TRX2395,UMKM310,income,774000.0,Transfer BCA,2022-08-11 00:52:37,Servis Rem
TRX2396,UMKM311,income,2370000.0,Gopay,2021-08-06 11:19:46,Desain Feed Instagram
TRX2397,UMKM311,income,481000.0,Dana,2022-05-18 11:19:46,Gathering Perusahaan
TRX2398,UMKM311,income,2545000.0,Transfer BRI,2022-04-10 11:19:46,Gathering Perusahaan
TRX2399,UMKM311,income,2549000.0,OVO,2022-12-24 11:19:46,Gathering Perusahaan
TRX2400,UMKM311,expense,1428000.0,Transfer BNI,2022-10-19 11:19:46,Event Launching Produk
TRX2401,UMKM311,income,1677000.0,Transfer BCA,2021-12-01 11:19:46,Desain Feed Instagram
TRX2402,UMKM311,income,150000.0,OVO,2022-02-22 11:19:46,Gathering Perusahaan
TRX2403,UMKM311,income,1295000.0,Transfer BCA,2021-10-22 11:19:46,
TRX2404,UMKM311,income,1794000.0,Transfer BRI,2023-04-06 11:19:46,Servis HP
TRX2405,UMKM311,expense,1688000.0,Transfer Mandiri,2021-10-04 11:19:46,Gathering Perusahaan
TRX2406,UMKM312,income,48000.0,OVO,2021-09-10 10:20:12,Lontong Sayur
TRX2407,UMKM312,income,291000.0,Transfer BRI,2022-02-07 10:20:12,Pudding Coklat
TRX2408,UMKM312,income,129000.0,Transfer BCA,2021-06-01 10:20:12,Wedang Jahe
TRX2409,UMKM312,expense,297000.0,Transfer Mandiri,2021-05-31 10:20:12,
TRX2410,UMKM312,income,271000.0,Pembayaran tunai,2021-09-21 10:20:12,Lontong Sayur
TRX2411,UMKM312,income,91000.0,OVO,2021-12-20 10:20:12,Lontong Sayur
TRX2412,UMKM312,expense,199000.0,Transfer Mandiri,2023-01-17 10:20:12,Pudding Coklat
TRX2413,UMKM312,income,91000.0,Pembayaran tunai,2022-10-27 10:20:12,Lontong Sayur
TRX2414,UMKM312,income,76000.0,,2021-11-22 10:20:12,Matcha Latte
TRX2415,UMKM312,expense,142000.0,Cash,2021-03-24 10:20:12,Catering Kantor
TRX2416,UMKM312,income,159000.0,Pembayaran tunai,2022-02-03 10:20:12,Pudding Coklat
TRX2417,UMKM312,expense,142000.0,Transfer BNI,2021-11-05 10:20:12,Paket Nasi Box
TRX2418,UMKM312,income,257000.0,Dana,2022-11-07 10:20:12,Pudding Coklat
TRX2419,UMKM312,income,79000.0,,2022-10-27 10:20:12,Pudding Coklat
TRX2420,UMKM312,income,37000.0,Gopay,2021-03-08 10:20:12,Lontong Sayur
TRX2421,UMKM312,income,90000.0,OVO,2021-10-18 10:20:12,Pudding Coklat
TRX2422,UMKM312,income,227000.0,OVO,2021-03-26 10:20:12,Lontong Sayur
TRX2423,UMKM312,income,146000.0,Transfer BCA,2022-02-25 10:20:12,Lontong Sayur
TRX2424,UMKM312,income,220000.0,OVO,2021-08-04 10:20:12,Pudding Coklat
TRX2425,UMKM312,income,158000.0,,2021-10-21 10:20:12,Es Boba
TRX2426,UMKM313,income,257000.0,Transfer BCA,2023-04-23 18:28:16,Ubi Jalar
TRX2427,UMKM313,expense,49000.0,Tunai,2022-10-24 18:28:16,
TRX2428,UMKM313,expense,194000.0,Transfer Mandiri,2023-02-11 18:28:16,Kacang Tanah
TRX2429,UMKM313,income,138000.0,,2023-04-18 18:28:16,Bibit Cabai Rawit
TRX2430,UMKM313,income,136000.0,Transfer BCA,2021-12-23 18:28:16,Ubi Jalar
TRX2431,UMKM313,income,263000.0,Transfer BRI,2022-07-02 18:28:16,Bibit Cabai Rawit
TRX2432,UMKM313,expense,110000.0,,2022-04-19 18:28:16,Pupuk NPK Mutiara
TRX2433,UMKM314,income,3850000.0,Gopay,2024-04-20 16:17:26,Router WiFi
TRX2434,UMKM314,income,976000.0,Pembayaran tunai,2024-08-08 16:17:26,Router WiFi
TRX2435,UMKM314,income,1209000.0,OVO,2024-07-20 16:17:26,Router WiFi
TRX2436,UMKM314,income,2595000.0,,2024-10-19 16:17:26,Router WiFi
TRX2437,UMKM314,income,155000.0,Gopay,2024-05-08 16:17:26,Router WiFi
TRX2438,UMKM314,income,3341000.0,,2024-04-09 16:17:26,Router WiFi
TRX2439,UMKM314,expense,2821000.0,Transfer Mandiri,2024-09-27 16:17:26,IT Support Bulanan
TRX2440,UMKM315,expense,455000.0,,2023-03-25 22:23:47,Kaos Souvenir
TRX2441,UMKM315,expense,342000.0,Transfer BNI,2024-05-10 22:23:47,
TRX2442,UMKM315,income,219000.0,-,2024-02-11 22:23:47,
TRX2443,UMKM315,income,436000.0,,2024-08-20 22:23:47,Kursi Pallet Bekas
TRX2444,UMKM315,income,466000.0,Transfer BCA,2024-02-29 22:23:47,Pot Tanah Liat
TRX2445,UMKM315,income,193000.0,OVO,2024-08-01 22:23:47,Lampu Botol Kaca
TRX2446,UMKM316,income,1903000.0,Dana,2023-12-05 21:50:45,Desain Undangan
TRX2447,UMKM316,income,1471000.0,OVO,2024-12-03 21:50:45,Data Entry
TRX2448,UMKM316,expense,1863000.0,Transfer Mandiri,2025-04-29 21:50:45,Editing Video
TRX2449,UMKM316,income,2766000.0,Pembayaran tunai,2025-03-13 21:50:45,Penerjemah Dokumen
TRX2450,UMKM316,expense,2534000.0,Tunai,2024-09-13 21:50:45,Konsultasi Marketing
TRX2451,UMKM316,expense,657000.0,Transfer Mandiri,2025-03-14 21:50:45,Konsultasi Pajak
TRX2452,UMKM316,expense,1330000.0,Transfer Mandiri,2025-02-27 21:50:45,Penerjemah Dokumen
TRX2453,UMKM316,income,1413000.0,,2025-05-20 21:50:45,Data Entry
TRX2454,UMKM316,income,2570000.0,Transfer BCA,2024-11-15 21:50:45,Data Entry
TRX2455,UMKM317,expense,1745000.0,Transfer BNI,2024-01-28 12:54:18,Platform E-commerce
TRX2456,UMKM317,income,4024000.0,OVO,2024-08-29 12:54:18,IT Support Bulanan
TRX2457,UMKM317,income,2673000.0,,2024-11-22 12:54:18,IT Support Bulanan
TRX2458,UMKM317,income,1555000.0,Transfer BCA,2023-11-17 12:54:18,IT Support Bulanan
TRX2459,UMKM317,income,3362000.0,Transfer BCA,2024-05-31 12:54:18,App Mobile Android
TRX2460,UMKM317,expense,2714000.0,-,2023-11-06 12:54:18,
TRX2461,UMKM317,income,2487000.0,,2023-11-28 12:54:18,Sensor Suhu Gudang
TRX2462,UMKM318,income,401000.0,OVO,2023-11-30 13:12:19,Pot Tanah Liat
TRX2463,UMKM318,income,380000.0,Pembayaran tunai,2023-09-28 13:12:19,Pot Tanah Liat
TRX2464,UMKM318,income,349000.0,Pembayaran tunai,2022-08-18 13:12:19,Jam Dinding Kayu
TRX2465,UMKM318,income,276000.0,,2023-01-27 13:12:19,Bingkai Foto
TRX2466,UMKM318,expense,319000.0,Tunai,2022-10-14 13:12:19,
TRX2468,UMKM318,income,149000.0,Pembayaran tunai,2023-11-14 13:12:19,Hiasan Dinding Batik
TRX2469,UMKM319,income,2769000.0,Transfer BCA,2025-01-16 12:03:39,Kamera IP CCTV
TRX2470,UMKM319,expense,3180000.0,,2025-01-20 12:03:39,Aplikasi Inventory
TRX2471,UMKM319,expense,2396000.0,,2024-03-31 12:03:39,Router WiFi
TRX2472,UMKM319,expense,3318000.0,Cash,2024-01-16 12:03:39,Aplikasi HR
TRX2473,UMKM319,income,3090000.0,Gopay,2024-10-24 12:03:39,Maintenance Jaringan
TRX2474,UMKM320,expense,166000.0,Tunai,2025-01-31 17:32:01,Sepatu Formal Pria
TRX2475,UMKM320,expense,627000.0,,2025-02-11 17:32:01,
TRX2476,UMKM320,income,254000.0,Pembayaran tunai,2024-08-28 17:32:01,Dress Casual
TRX2477,UMKM320,income,656000.0,Transfer BCA,2024-01-11 17:32:01,Dress Casual
TRX2478,UMKM320,expense,608000.0,,2023-10-05 17:32:01,Dress Anak Pesta
TRX2479,UMKM320,income,234000.0,Transfer BCA,2024-04-03 17:32:01,Dress Casual
TRX2480,UMKM320,income,748000.0,,2024-11-30 17:32:01,Dress Casual
TRX2481,UMKM320,income,836000.0,,2023-12-23 17:32:01,Dress Casual
TRX2482,UMKM321,expense,9512000.0,Transfer BNI,2022-05-26 11:24:24,Jual Tanah Kavling
TRX2483,UMKM322,income,105000.0,Gopay,2025-09-29 01:33:26,Bimbel UN SD
TRX2484,UMKM322,expense,995000.0,,2025-09-19 01:33:26,Buku Motivasi
TRX2485,UMKM322,income,1500000.0,OVO,2025-09-21 01:33:26,Bimbel UN SD
TRX2486,UMKM322,expense,479000.0,,2024-07-03 01:33:26,Buku Bisnis Online
TRX2487,UMKM323,expense,249000.0,,2024-07-16 04:55:03,Lampu Rotan
TRX2488,UMKM323,income,433000.0,Transfer BRI,2023-10-18 04:55:03,Mug Foto
TRX2489,UMKM323,income,174000.0,OVO,2023-11-24 04:55:03,Mug Foto
TRX2490,UMKM323,income,450000.0,OVO,2023-07-24 04:55:03,Mug Foto
TRX2491,UMKM323,income,379000.0,,2023-06-01 04:55:03,Gantungan Kunci Custom
TRX2492,UMKM324,expense,120000.0,,2023-01-31 13:10:12,Blouse Wanita
TRX2493,UMKM324,income,888000.0,Dana,2023-11-22 13:10:12,Dress Casual
TRX2494,UMKM324,income,918000.0,Dana,2024-04-02 13:10:12,Dress Casual
TRX2495,UMKM324,income,864000.0,Gopay,2023-04-16 13:10:12,Dress Casual
TRX2496,UMKM324,expense,864000.0,Transfer Mandiri,2024-07-30 13:10:12,Heels Wanita
TRX2497,UMKM324,income,468000.0,OVO,2023-09-16 13:10:12,Dress Casual
TRX2502,UMKM326,income,144000.0,,2024-11-16 18:37:39,Jamu Beras Kencur
TRX2503,UMKM326,income,352000.0,Gopay,2024-04-03 18:37:39,Temulawak Kapsul
TRX2504,UMKM326,income,93000.0,Pembayaran tunai,2025-07-03 18:37:39,Facial Wajah
TRX2505,UMKM326,income,381000.0,,2025-09-13 18:37:39,Paket Spa Relaksasi
TRX2506,UMKM326,income,231000.0,Pembayaran tunai,2024-04-24 18:37:39,Temulawak Kapsul
TRX2507,UMKM327,expense,198000.0,Transfer BNI,2023-02-28 05:52:12,Es Krim Lokal
TRX2508,UMKM327,expense,42000.0,,2023-05-30 05:52:12,Matcha Latte
TRX2509,UMKM327,income,234000.0,,2023-06-12 05:52:12,Pudding Coklat
TRX2510,UMKM327,income,250000.0,Gopay,2022-01-28 05:52:12,Keripik Singkong Pedas
TRX2511,UMKM327,income,210000.0,,2022-10-04 05:52:12,Rendang Padang
TRX2512,UMKM327,income,278000.0,Gopay,2023-07-01 05:52:12,Catering Pernikahan
TRX2513,UMKM327,income,264000.0,Pembayaran tunai,2022-07-28 05:52:12,Es Boba
TRX2514,UMKM327,expense,219000.0,,2022-03-12 05:52:12,Pudding Coklat
TRX2515,UMKM327,income,283000.0,Transfer BCA,2022-02-16 05:52:12,Es Campur
TRX2516,UMKM327,income,23000.0,Transfer BRI,2023-03-15 05:52:12,
TRX2517,UMKM327,income,189000.0,Dana,2023-02-14 05:52:12,Pudding Coklat
TRX2518,UMKM327,expense,279000.0,Cash,2022-04-15 05:52:12,Dadar Gulung
TRX2519,UMKM327,expense,48000.0,Transfer BNI,2022-09-28 05:52:12,Snack Box Meeting
TRX2520,UMKM327,income,60000.0,Transfer BRI,2022-09-26 05:52:12,Paket Prasmanan
TRX2521,UMKM327,income,132000.0,OVO,2023-01-15 05:52:12,Rendang Padang
TRX2522,UMKM327,income,186000.0,Dana,2022-04-03 05:52:12,
TRX2523,UMKM328,income,1462000.0,OVO,2024-03-22 14:48:58,Instalasi CCTV
TRX2524,UMKM328,income,462000.0,Transfer BRI,2024-05-03 14:48:58,App Mobile Android
TRX2525,UMKM328,expense,4713000.0,Cash,2024-07-02 14:48:58,Smart Lock Pintu
TRX2526,UMKM328,expense,3373000.0,Tunai,2025-11-16 14:48:58,Website Company Profile
TRX2527,UMKM328,expense,2816000.0,Transfer BNI,2025-10-13 14:48:58,
TRX2528,UMKM329,expense,1680000.0,Tunai,2022-07-08 11:40:07,
TRX2530,UMKM329,income,266000.0,Gopay,2021-08-10 11:40:07,Sewa Mobil Harian
TRX2531,UMKM329,expense,71000.0,Transfer Mandiri,2021-11-16 11:40:07,Tour Domestik
TRX2532,UMKM329,income,251000.0,Transfer BRI,2022-10-06 11:40:07,
TRX2533,UMKM329,income,579000.0,,2023-06-28 11:40:07,Study Tour
TRX2534,UMKM330,income,118000.0,Gopay,2023-10-06 03:51:25,Paket Prasmanan
TRX2535,UMKM330,expense,266000.0,Transfer BNI,2022-01-14 03:51:25,Kue Cubit
TRX2536,UMKM330,expense,270000.0,,2023-02-28 03:51:25,Paket Nasi Box
TRX2537,UMKM330,expense,290000.0,,2023-03-03 03:51:25,
TRX2538,UMKM330,expense,299000.0,Transfer BNI,2022-10-09 03:51:25,Klepon
TRX2539,UMKM330,expense,118000.0,Tunai,2023-04-17 03:51:25,Paket Nasi Box
TRX2540,UMKM330,income,233000.0,Dana,2022-08-26 03:51:25,Catering Pernikahan
TRX2541,UMKM330,income,196000.0,,2023-02-09 03:51:25,Catering Pernikahan
TRX2542,UMKM330,expense,205000.0,Transfer BNI,2022-09-28 03:51:25,Bolu Kukus
TRX2543,UMKM330,expense,242000.0,,2023-07-22 03:51:25,Risol Mayo
TRX2544,UMKM330,income,261000.0,Transfer BRI,2023-01-25 03:51:25,Makaroni Goreng
TRX2545,UMKM330,income,82000.0,,2023-09-29 03:51:25,Lontong Sayur
TRX2546,UMKM330,expense,181000.0,Transfer Mandiri,2022-01-03 03:51:25,Risol Mayo
TRX2547,UMKM330,income,17000.0,Transfer BCA,2022-12-23 03:51:25,Snack Box Meeting
TRX2548,UMKM331,income,1038000.0,Dana,2023-08-10 16:28:00,Pelatihan Barista
TRX2549,UMKM331,expense,264000.0,Transfer Mandiri,2022-06-20 16:28:00,Buku Resep Masakan
TRX2550,UMKM331,expense,655000.0,Transfer BNI,2023-10-24 16:28:00,
TRX2551,UMKM331,income,901000.0,OVO,2022-11-29 16:28:00,Pelatihan Barista
TRX2552,UMKM331,income,225000.0,,2022-08-09 16:28:00,Buku TOEFL
TRX2553,UMKM331,income,287000.0,,2023-08-19 16:28:00,Buku TOEFL
TRX2554,UMKM331,expense,340000.0,Tunai,2023-09-21 16:28:00,
TRX2555,UMKM331,income,763000.0,-,2022-09-04 16:28:00,Pelatihan Barista
TRX2556,UMKM332,income,169000.0,Transfer BCA,2021-08-29 21:19:16,Bibit Jagung Hibrida
TRX2557,UMKM332,income,185000.0,OVO,2023-01-03 21:19:16,Ubi Jalar
TRX2558,UMKM332,income,243000.0,Dana,2023-01-18 21:19:16,Pupuk KCl
TRX2559,UMKM332,expense,115000.0,,2021-09-26 21:19:16,Tepung Mocaf
TRX2560,UMKM332,income,276000.0,Pembayaran tunai,2022-09-15 21:19:16,Pupuk NPK Mutiara
TRX2561,UMKM333,expense,252000.0,Cash,2023-02-08 06:15:48,Lontong Sayur
TRX2562,UMKM333,expense,183000.0,Transfer BNI,2023-01-04 06:15:48,
TRX2563,UMKM333,income,248000.0,,2022-12-04 06:15:48,
TRX2564,UMKM333,expense,54000.0,,2022-08-14 06:15:48,Paket Nasi Box
TRX2565,UMKM333,expense,229000.0,Cash,2022-06-06 06:15:48,Nasi Padang
TRX2566,UMKM333,expense,236000.0,Tunai,2021-04-22 06:15:48,Paket Nasi Box
TRX2567,UMKM333,expense,168000.0,,2022-02-19 06:15:48,Cireng Isi
TRX2568,UMKM333,expense,39000.0,Cash,2022-11-14 06:15:48,Makaroni Goreng
TRX2569,UMKM333,expense,158000.0,Tunai,2021-10-22 06:15:48,Mie Ayam Pangsit
TRX2570,UMKM333,expense,27000.0,Transfer Mandiri,2021-10-30 06:15:48,Gado-Gado
TRX2571,UMKM333,expense,63000.0,Tunai,2023-01-20 06:15:48,Cireng Isi
TRX2572,UMKM333,expense,16000.0,Transfer Mandiri,2022-06-19 06:15:48,Paket Prasmanan
TRX2573,UMKM333,expense,180000.0,,2021-10-09 06:15:48,Matcha Latte
TRX2574,UMKM333,income,60000.0,Pembayaran tunai,2023-02-18 06:15:48,Kue Cubit
TRX2575,UMKM333,income,89000.0,Pembayaran tunai,2022-02-04 06:15:48,Opak Angin
TRX2576,UMKM333,expense,129000.0,Transfer Mandiri,2023-01-26 06:15:48,Paket Prasmanan
TRX2577,UMKM333,expense,269000.0,Transfer Mandiri,2021-11-22 06:15:48,Jus Alpukat
TRX2578,UMKM333,expense,94000.0,Transfer BNI,2022-05-06 06:15:48,Catering Pernikahan
TRX2579,UMKM334,income,297000.0,Dana,2024-04-02 18:43:41,Madu Murni
TRX2580,UMKM334,expense,96000.0,,2024-01-15 18:43:41,Konsultasi Dokter
TRX2581,UMKM334,expense,184000.0,Transfer BNI,2024-10-09 18:43:41,
TRX2582,UMKM335,income,291000.0,,2024-01-07 16:12:05,Teh Tarik
TRX2583,UMKM335,expense,223000.0,,2022-12-15 16:12:05,
TRX2584,UMKM335,expense,241000.0,Tunai,2022-07-26 16:12:05,Pecel Lele
TRX2585,UMKM335,income,123000.0,Pembayaran tunai,2023-09-14 16:12:05,Klepon
TRX2586,UMKM335,expense,212000.0,Transfer Mandiri,2022-07-06 16:12:05,Es Campur
TRX2587,UMKM335,income,99000.0,Dana,2023-02-18 16:12:05,Teh Tarik
TRX2588,UMKM335,income,100000.0,OVO,2023-02-21 16:12:05,Snack Box Meeting
TRX2589,UMKM335,income,226000.0,OVO,2022-09-08 16:12:05,Catering Pernikahan
TRX2590,UMKM335,expense,207000.0,Transfer BNI,2023-01-21 16:12:05,Mie Ayam Pangsit
TRX2591,UMKM335,income,19000.0,Dana,2023-11-29 16:12:05,Klepon
TRX2592,UMKM335,expense,106000.0,Cash,2024-04-16 16:12:05,Risol Mayo
TRX2593,UMKM335,income,235000.0,Pembayaran tunai,2024-01-03 16:12:05,Catering Kantor
TRX2594,UMKM336,expense,656000.0,Cash,2024-10-17 16:00:25,Slip On Polos
TRX2595,UMKM336,income,489000.0,Transfer BCA,2023-05-19 16:00:25,Anting Mutiara
TRX2596,UMKM336,expense,448000.0,Cash,2024-06-19 16:00:25,Ikat Pinggang Pria
TRX2597,UMKM336,income,54000.0,Transfer BRI,2025-02-06 16:00:25,Celana Chino Pria
TRX2598,UMKM336,income,771000.0,,2024-03-29 16:00:25,Kalung Emas Muda
TRX2599,UMKM336,income,269000.0,,2024-01-25 16:00:25,
TRX2600,UMKM336,income,260000.0,OVO,2025-01-15 16:00:25,Kaos Polos Pria
TRX2601,UMKM336,income,335000.0,Dana,2024-04-02 16:00:25,Kalung Emas Muda
TRX2602,UMKM336,expense,820000.0,Transfer Mandiri,2024-01-19 16:00:25,Kaos Anak Motif
TRX2603,UMKM336,income,770000.0,,2023-09-28 16:00:25,Anting Mutiara
TRX2604,UMKM336,income,878000.0,OVO,2023-09-12 16:00:25,Celana Chino Pria
TRX2605,UMKM337,income,865000.0,Gopay,2024-07-18 21:05:12,Sandal Casual
TRX2606,UMKM337,expense,114000.0,Tunai,2025-06-29 21:05:12,Jaket Anak
TRX2607,UMKM337,income,641000.0,,2024-01-04 21:05:12,Sandal Casual
TRX2608,UMKM337,income,154000.0,Transfer BCA,2024-11-20 21:05:12,Sandal Casual
TRX2609,UMKM337,income,868000.0,OVO,2025-06-26 21:05:12,Rok Midi
TRX2610,UMKM337,expense,942000.0,Cash,2024-01-28 21:05:12,Kalung Emas Muda
TRX2611,UMKM337,expense,599000.0,Transfer BNI,2024-01-16 21:05:12,Setelan Anak Lucu
TRX2612,UMKM337,income,241000.0,,2023-11-14 21:05:12,Sandal Casual
TRX2613,UMKM337,income,424000.0,OVO,2025-02-27 21:05:12,Tunik Polos
TRX2614,UMKM337,income,383000.0,Dana,2023-11-01 21:05:12,Dress Casual
TRX2615,UMKM338,expense,251000.0,Transfer BNI,2023-12-31 09:44:24,Jaket Anak
TRX2616,UMKM338,income,518000.0,OVO,2022-07-04 09:44:24,Sweater Pria
TRX2617,UMKM338,expense,166000.0,Transfer BNI,2024-04-11 09:44:24,Cardigan Wanita
TRX2618,UMKM338,expense,318000.0,Cash,2022-11-25 09:44:24,
TRX2619,UMKM338,expense,736000.0,Cash,2022-10-24 09:44:24,Gamis Syari
TRX2620,UMKM338,income,933000.0,Dana,2023-01-10 09:44:24,Celana Chino Pria
TRX2621,UMKM338,income,551000.0,OVO,2023-08-23 09:44:24,Celana Chino Pria
TRX2622,UMKM339,expense,295000.0,,2022-08-30 20:58:02,Cermin Ukir
TRX2623,UMKM339,income,352000.0,,2022-05-09 20:58:02,Vas Bunga Keramik
TRX2624,UMKM339,expense,185000.0,Transfer BNI,2022-11-12 20:58:02,Mug Foto
TRX2625,UMKM339,income,330000.0,Dana,2021-11-10 20:58:02,Tumbler Sablon
TRX2626,UMKM339,income,223000.0,Pembayaran tunai,2021-10-08 20:58:02,Vas Bunga Keramik
TRX2627,UMKM339,income,337000.0,Pembayaran tunai,2023-02-25 20:58:02,Nampan Serut
TRX2628,UMKM340,expense,205000.0,Tunai,2023-06-21 16:21:49,Risol Mayo
TRX2629,UMKM340,income,63000.0,OVO,2023-07-16 16:21:49,Brownies Kukus
TRX2630,UMKM340,income,183000.0,,2023-06-08 16:21:49,Nasi Goreng Spesial
TRX2631,UMKM340,income,185000.0,Transfer BCA,2023-04-06 16:21:49,Nasi Goreng Spesial
TRX2632,UMKM340,income,239000.0,,2023-12-01 16:21:49,
TRX2633,UMKM340,income,93000.0,,2023-06-16 16:21:49,Kue Cubit
TRX2634,UMKM340,expense,157000.0,,2024-03-30 16:21:49,Klepon
TRX2635,UMKM340,expense,48000.0,Transfer Mandiri,2022-11-25 16:21:49,Snack Box Meeting
TRX2636,UMKM340,expense,73000.0,Transfer BNI,2024-04-05 16:21:49,Klepon
TRX2637,UMKM340,income,165000.0,Transfer BCA,2023-10-03 16:21:49,Es Krim Lokal
TRX2638,UMKM341,income,65000.0,Transfer BRI,2021-10-04 02:27:49,Nasi Goreng Spesial
TRX2639,UMKM341,income,127000.0,Transfer BRI,2023-01-31 02:27:49,Lontong Sayur
TRX2640,UMKM341,income,161000.0,OVO,2022-07-13 02:27:49,Gado-Gado
TRX2641,UMKM341,income,64000.0,Pembayaran tunai,2023-01-19 02:27:49,Bakso Mercon
TRX2642,UMKM341,income,98000.0,Dana,2022-10-23 02:27:49,Gado-Gado
TRX2643,UMKM341,expense,196000.0,Tunai,2022-07-03 02:27:49,Catering Kantor
TRX2644,UMKM341,income,77000.0,Gopay,2021-11-13 02:27:49,Gado-Gado
TRX2645,UMKM341,income,266000.0,Gopay,2023-03-05 02:27:49,Gado-Gado
TRX2646,UMKM341,expense,203000.0,-,2021-06-21 02:27:49,Catering Pernikahan
TRX2647,UMKM341,income,219000.0,,2023-03-14 02:27:49,Lontong Sayur
TRX2648,UMKM341,income,75000.0,Gopay,2022-12-16 02:27:49,Gado-Gado
TRX2649,UMKM341,expense,299000.0,,2021-04-25 02:27:49,Paket Nasi Box
TRX2650,UMKM341,income,201000.0,Transfer BCA,2021-10-25 02:27:49,Gado-Gado
TRX2651,UMKM342,expense,916000.0,,2025-06-16 10:15:48,Balancing Roda
TRX2652,UMKM342,income,430000.0,,2024-11-12 10:15:48,Open Trip Bromo
TRX2653,UMKM342,expense,1046000.0,Cash,2023-12-17 10:15:48,Jasa Packing Barang
TRX2654,UMKM342,income,1351000.0,,2024-11-05 10:15:48,Paket Wisata Bali
TRX2655,UMKM342,income,1150000.0,Transfer BCA,2024-05-14 10:15:48,Tour Domestik
TRX2656,UMKM343,expense,1470000.0,Cash,2023-08-13 16:16:01,Driver Harian
TRX2657,UMKM343,income,1932000.0,Dana,2023-04-28 16:16:01,Balancing Roda
TRX2658,UMKM343,income,1371000.0,OVO,2023-06-27 16:16:01,Jasa Packing Barang
TRX2659,UMKM343,income,1956000.0,Pembayaran tunai,2024-05-11 16:16:01,Balancing Roda
TRX2660,UMKM343,income,404000.0,OVO,2022-12-07 16:16:01,Jasa Packing Barang
TRX2661,UMKM343,expense,1186000.0,Transfer BNI,2022-12-06 16:16:01,Antar Jemput Sekolah
TRX2662,UMKM343,expense,391000.0,Transfer Mandiri,2023-06-07 16:16:01,Pengiriman Barang Kota
TRX2663,UMKM343,expense,1052000.0,Transfer BNI,2024-09-24 16:16:01,Tour Domestik
TRX2664,UMKM344,income,1283000.0,Pembayaran tunai,2022-12-03 13:57:08,Desain Logo
TRX2665,UMKM344,income,674000.0,-,2022-08-14 13:57:08,Desain Logo
TRX2666,UMKM344,expense,866000.0,,2024-02-20 13:57:08,Konsultasi Hukum
TRX2667,UMKM344,income,1388000.0,,2023-10-28 13:57:08,Desain Logo
TRX2668,UMKM344,income,1947000.0,,2024-02-19 13:57:08,Voice Over
TRX2669,UMKM344,income,2637000.0,,2024-04-14 13:57:08,Desain Logo
TRX2670,UMKM344,income,319000.0,Transfer BRI,2023-06-21 13:57:08,Data Entry
TRX2676,UMKM346,income,249000.0,Dana,2024-01-17 00:53:08,Dress Casual
TRX2677,UMKM346,expense,884000.0,,2023-03-29 00:53:08,
TRX2678,UMKM346,expense,443000.0,Tunai,2022-09-26 00:53:08,Dress Casual
TRX2679,UMKM346,income,625000.0,OVO,2023-02-05 00:53:08,
TRX2680,UMKM346,income,567000.0,OVO,2023-07-24 00:53:08,Gelang Perak
TRX2681,UMKM346,expense,718000.0,Cash,2024-04-02 00:53:08,Topi Baseball
TRX2682,UMKM346,income,556000.0,Dana,2023-11-01 00:53:08,Dress Casual
TRX2683,UMKM346,expense,468000.0,Tunai,2023-09-29 00:53:08,Jaket Bomber Pria
TRX2684,UMKM347,expense,751000.0,Transfer BNI,2021-03-12 06:07:09,
TRX2685,UMKM347,expense,553000.0,Transfer BNI,2021-09-05 06:07:09,Kalung Emas Muda
TRX2686,UMKM347,expense,475000.0,,2021-03-28 06:07:09,Topi Baseball
TRX2687,UMKM347,expense,777000.0,Tunai,2022-10-18 06:07:09,Topi Baseball
TRX2688,UMKM347,income,910000.0,,2021-12-26 06:07:09,
TRX2689,UMKM347,income,504000.0,Gopay,2021-11-01 06:07:09,Celana Pendek Anak
TRX2690,UMKM347,income,550000.0,,2022-10-06 06:07:09,Celana Pendek Anak
TRX2691,UMKM347,income,221000.0,Transfer BCA,2022-01-31 06:07:09,Sepatu Sneakers
TRX2692,UMKM347,income,134000.0,Transfer BRI,2021-04-04 06:07:09,Sepatu Sneakers
TRX2693,UMKM347,expense,628000.0,Cash,2022-07-13 06:07:09,Atasan Motif
TRX2694,UMKM348,income,226000.0,OVO,2021-09-30 22:26:53,Servis HP
TRX2695,UMKM348,expense,1003000.0,-,2022-04-28 22:26:53,Desain Banner
TRX2696,UMKM348,expense,1296000.0,Tunai,2021-12-20 22:26:53,
TRX2697,UMKM348,income,233000.0,Dana,2021-10-07 22:26:53,Servis AC Split
TRX2698,UMKM348,income,1225000.0,OVO,2022-06-22 22:26:53,Servis AC Split
TRX2699,UMKM348,income,1020000.0,OVO,2022-04-28 22:26:53,Servis AC Split
TRX2700,UMKM348,expense,2302000.0,Tunai,2022-06-21 22:26:53,Paket Pernikahan
TRX2701,UMKM348,expense,1282000.0,Cash,2021-10-18 22:26:53,Event Launching Produk
TRX2702,UMKM348,income,788000.0,Gopay,2022-10-13 22:26:53,Servis AC Split
TRX2703,UMKM348,expense,1973000.0,,2022-04-07 22:26:53,Penulisan Artikel SEO
TRX2704,UMKM349,income,304000.0,OVO,2024-02-11 12:26:05,Jamu Beras Kencur
TRX2705,UMKM349,income,395000.0,,2024-08-30 12:26:05,Jahe Merah Instan
TRX2706,UMKM349,income,410000.0,,2024-11-24 12:26:05,Temulawak Kapsul
TRX2707,UMKM349,income,407000.0,Transfer BRI,2024-05-09 12:26:05,Kunyit Asam
TRX2708,UMKM349,income,268000.0,Pembayaran tunai,2023-10-07 12:26:05,Kunyit Asam
TRX2709,UMKM349,income,296000.0,Dana,2024-12-01 12:26:05,Jamu Beras Kencur
TRX2710,UMKM350,income,8869000.0,Transfer BRI,2022-12-20 20:19:19,Kitchen Set Custom
TRX2711,UMKM350,income,2354000.0,Dana,2022-12-29 20:19:19,Kitchen Set Custom
TRX2712,UMKM351,expense,1222000.0,Transfer BNI,2021-08-08 09:04:33,Les Privat Matematika
TRX2713,UMKM351,income,283000.0,OVO,2021-07-05 09:04:33,Kursus Desain Canva
TRX2714,UMKM351,expense,598000.0,,2022-10-02 09:04:33,Kursus Memasak
TRX2715,UMKM351,expense,1162000.0,Tunai,2021-10-20 09:04:33,Kursus Menjahit
TRX2716,UMKM352,expense,1602000.0,Tunai,2023-12-13 16:57:13,
TRX2717,UMKM352,expense,2320000.0,Cash,2024-01-11 16:57:13,Desain Logo
TRX2718,UMKM352,income,270000.0,Transfer BRI,2023-05-18 16:57:13,Konsultasi Keuangan
TRX2719,UMKM352,income,1907000.0,Transfer BCA,2023-09-22 16:57:13,Konsultasi Keuangan
TRX2720,UMKM352,expense,2337000.0,Tunai,2023-01-26 16:57:13,Konsultasi Hukum
TRX2721,UMKM352,income,995000.0,,2024-01-14 16:57:13,Konsultasi Keuangan
TRX2722,UMKM352,expense,1841000.0,Cash,2024-02-11 16:57:13,Penerjemah Dokumen
TRX2723,UMKM352,expense,519000.0,Transfer BNI,2022-08-04 16:57:13,Desain Feed Instagram
TRX2724,UMKM353,expense,131000.0,Tunai,2022-11-10 16:13:16,
TRX2725,UMKM353,income,157000.0,Pembayaran tunai,2022-11-20 16:13:16,Seblak Kering
TRX2726,UMKM353,expense,21000.0,,2022-05-28 16:13:16,Bakso Mercon
TRX2727,UMKM353,expense,235000.0,Transfer BNI,2023-08-08 16:13:16,
TRX2728,UMKM353,income,139000.0,Transfer BCA,2022-06-10 16:13:16,Seblak Kering
TRX2729,UMKM353,income,183000.0,Transfer BCA,2021-12-05 16:13:16,Lontong Sayur
TRX2730,UMKM353,income,49000.0,Transfer BCA,2023-07-17 16:13:16,Lontong Sayur
TRX2731,UMKM353,income,229000.0,OVO,2022-04-26 16:13:16,Cireng Isi
TRX2732,UMKM353,expense,65000.0,Transfer Mandiri,2023-05-21 16:13:16,Makaroni Goreng
TRX2733,UMKM353,income,126000.0,Pembayaran tunai,2023-06-21 16:13:16,Klepon
TRX2734,UMKM353,expense,112000.0,Transfer BNI,2021-11-16 16:13:16,Es Krim Lokal
TRX2735,UMKM353,expense,184000.0,Cash,2022-02-23 16:13:16,Keripik Singkong Pedas
TRX2736,UMKM353,income,224000.0,Transfer BRI,2023-03-07 16:13:16,Cireng Isi
TRX2737,UMKM353,income,89000.0,Pembayaran tunai,2022-10-02 16:13:16,Seblak Kering
TRX2738,UMKM353,income,76000.0,OVO,2022-12-16 16:13:16,Lontong Sayur
TRX2739,UMKM353,expense,110000.0,Transfer BNI,2023-01-15 16:13:16,Soto Ayam
TRX2740,UMKM353,income,110000.0,Dana,2022-09-06 16:13:16,Seblak Kering
TRX2741,UMKM353,income,35000.0,Transfer BCA,2021-12-09 16:13:16,Lontong Sayur
TRX2742,UMKM354,expense,189000.0,Transfer Mandiri,2023-09-22 13:24:19,
TRX2743,UMKM354,income,282000.0,Gopay,2023-04-11 13:24:19,Pupuk KCl
TRX2744,UMKM354,income,153000.0,OVO,2023-07-07 13:24:19,
TRX2745,UMKM354,expense,285000.0,,2024-06-05 13:24:19,Mesin Pompa Air
TRX2746,UMKM354,expense,96000.0,Transfer BNI,2024-02-24 13:24:19,Bibit Cabai Rawit
TRX2747,UMKM355,expense,712000.0,Transfer BNI,2022-11-20 18:09:52,Pelatihan K3
TRX2748,UMKM355,income,1491000.0,OVO,2023-10-03 18:09:52,Bimbel Bahasa Inggris
TRX2749,UMKM355,income,649000.0,,2022-04-30 18:09:52,Les Piano
TRX2750,UMKM355,income,642000.0,Transfer BCA,2022-12-28 18:09:52,Bimbel Bahasa Inggris
TRX2751,UMKM355,income,1222000.0,Pembayaran tunai,2023-07-10 18:09:52,Les Piano
TRX2752,UMKM355,expense,597000.0,,2023-11-01 18:09:52,Kursus Bahasa Inggris
TRX2753,UMKM355,expense,1103000.0,,2023-03-16 18:09:52,Pelatihan Sales
TRX2754,UMKM355,income,1441000.0,,2023-04-15 18:09:52,
TRX2755,UMKM356,expense,245000.0,Cash,2024-08-15 02:09:09,Buku Matematika SMP
TRX2756,UMKM356,expense,327000.0,Tunai,2024-06-04 02:09:09,Kursus Python Pemula
TRX2757,UMKM356,income,892000.0,OVO,2024-09-09 02:09:09,Buku Resep Masakan
TRX2758,UMKM356,income,171000.0,Transfer BCA,2023-03-02 02:09:09,Kursus Bahasa Inggris
TRX2759,UMKM356,income,617000.0,Transfer BCA,2023-09-10 02:09:09,Kursus Bahasa Inggris
TRX2760,UMKM357,income,1139000.0,Gopay,2023-03-19 03:16:01,Software Akuntansi
TRX2761,UMKM357,expense,1187000.0,Transfer BNI,2021-10-20 03:16:01,Website Company Profile
TRX2762,UMKM357,expense,2145000.0,,2022-10-03 03:16:01,Aplikasi Absensi
TRX2763,UMKM357,income,1298000.0,OVO,2022-09-04 03:16:01,Scanner Barcode
TRX2764,UMKM357,expense,2738000.0,Tunai,2021-05-30 03:16:01,Aplikasi Absensi
TRX2765,UMKM357,expense,2127000.0,Cash,2021-12-29 03:16:01,Laptop Refurbished
TRX2766,UMKM357,income,3317000.0,Pembayaran tunai,2021-06-13 03:16:01,Scanner Barcode
TRX2767,UMKM357,income,4109000.0,,2022-07-15 03:16:01,Scanner Barcode
TRX2768,UMKM357,income,1264000.0,Transfer BRI,2021-12-03 03:16:01,Software Akuntansi
TRX2769,UMKM358,expense,147000.0,,2023-01-29 03:33:07,Pupuk Kompos
TRX2770,UMKM358,expense,222000.0,Tunai,2023-06-19 03:33:07,Kacang Tanah
TRX2771,UMKM358,expense,202000.0,,2024-08-10 03:33:07,Bibit Tomat Unggul
TRX2772,UMKM358,income,241000.0,Pembayaran tunai,2023-01-25 03:33:07,Dodol Nangka
TRX2773,UMKM358,income,48000.0,OVO,2024-03-30 03:33:07,Dodol Nangka
TRX2774,UMKM358,income,57000.0,Pembayaran tunai,2024-06-25 03:33:07,Dodol Nangka
TRX2775,UMKM359,expense,211000.0,,2022-09-07 11:38:53,Snack Box Meeting
TRX2776,UMKM359,expense,268000.0,Transfer BNI,2023-02-06 11:38:53,Brownies Kukus
TRX2777,UMKM359,expense,147000.0,Transfer Mandiri,2024-01-09 11:38:53,Risol Mayo
TRX2778,UMKM359,income,193000.0,Gopay,2023-12-12 11:38:53,Pudding Coklat
TRX2779,UMKM359,expense,237000.0,Transfer Mandiri,2024-04-10 11:38:53,Pecel Lele
TRX2780,UMKM359,income,254000.0,Transfer BCA,2023-10-27 11:38:53,Pudding Coklat
TRX2781,UMKM359,income,172000.0,,2024-01-24 11:38:53,Basreng Kering
TRX2782,UMKM359,income,6000.0,Gopay,2022-10-22 11:38:53,Pudding Coklat
TRX2783,UMKM359,expense,52000.0,Cash,2023-06-25 11:38:53,Paket Prasmanan
TRX2784,UMKM359,expense,239000.0,Transfer Mandiri,2023-04-07 11:38:53,
TRX2785,UMKM359,expense,188000.0,Transfer BNI,2023-11-23 11:38:53,Teh Tarik
TRX2786,UMKM359,expense,37000.0,,2022-07-15 11:38:53,Opak Angin
TRX2787,UMKM360,expense,2289000.0,,2022-05-15 08:39:39,
TRX2788,UMKM360,income,1729000.0,Transfer BRI,2022-10-30 08:39:39,Seminar Nasional
TRX2789,UMKM360,expense,992000.0,,2023-01-31 08:39:39,Servis AC Split
TRX2790,UMKM360,income,1859000.0,Transfer BCA,2022-07-07 08:39:39,Seminar Nasional
TRX2791,UMKM360,expense,967000.0,,2023-07-03 08:39:39,Konsultasi Bisnis
TRX2792,UMKM360,expense,2126000.0,Tunai,2021-09-19 08:39:39,Desain Undangan
TRX2793,UMKM360,income,1199000.0,Pembayaran tunai,2023-02-18 08:39:39,Seminar Nasional
TRX2794,UMKM360,expense,1422000.0,Tunai,2021-10-05 08:39:39,Gathering Perusahaan
TRX2795,UMKM360,expense,1261000.0,Cash,2021-12-28 08:39:39,Konsultasi Marketing
TRX2800,UMKM362,expense,294000.0,Transfer BNI,2023-08-06 20:14:51,Brownies Kukus
TRX2801,UMKM362,income,253000.0,Dana,2024-11-27 20:14:51,Teh Tarik
TRX2802,UMKM362,expense,180000.0,Tunai,2025-02-22 20:14:51,Mie Ayam Pangsit
TRX2803,UMKM362,income,29000.0,Transfer BCA,2024-11-11 20:14:51,
TRX2804,UMKM362,income,28000.0,Transfer BCA,2023-04-11 20:14:51,Brownies Kukus
TRX2805,UMKM362,income,55000.0,Gopay,2023-10-05 20:14:51,Es Campur
TRX2806,UMKM362,income,240000.0,,2024-08-18 20:14:51,Mie Ayam Pangsit
TRX2807,UMKM362,income,13000.0,Transfer BRI,2023-07-14 20:14:51,Brownies Kukus
TRX2808,UMKM362,income,68000.0,Pembayaran tunai,2023-12-24 20:14:51,Brownies Kukus
TRX2809,UMKM362,expense,85000.0,,2023-06-24 20:14:51,Kopi Susu
TRX2810,UMKM363,expense,3715000.0,Tunai,2022-05-16 06:08:29,Sensor Suhu Gudang
TRX2811,UMKM363,income,3839000.0,Pembayaran tunai,2023-08-07 06:08:29,Monitoring Listrik IoT
TRX2812,UMKM363,income,105000.0,Transfer BRI,2022-03-10 06:08:29,Aplikasi Inventory
TRX2813,UMKM363,expense,3604000.0,,2022-07-14 06:08:29,Printer Thermal
TRX2814,UMKM363,expense,1757000.0,,2022-11-25 06:08:29,Platform E-commerce
TRX2815,UMKM363,income,1180000.0,Dana,2023-02-12 06:08:29,Aplikasi Absensi
TRX2816,UMKM363,expense,2572000.0,Transfer Mandiri,2023-02-03 06:08:29,Kamera IP CCTV
TRX2817,UMKM363,income,1402000.0,,2022-04-05 06:08:29,Pembuatan Website
TRX2818,UMKM364,income,945000.0,,2022-03-19 12:06:37,Topi Baseball
TRX2819,UMKM364,income,947000.0,Transfer BCA,2021-11-07 12:06:37,Rok Midi
TRX2820,UMKM364,income,330000.0,,2023-02-18 12:06:37,Cardigan Wanita
TRX2821,UMKM364,expense,145000.0,Transfer Mandiri,2022-03-27 12:06:37,Celana Chino Pria
TRX2822,UMKM364,expense,720000.0,Tunai,2022-09-29 12:06:37,Sepatu Boots
TRX2823,UMKM364,income,419000.0,Transfer BCA,2022-12-06 12:06:37,
TRX2824,UMKM364,income,306000.0,Transfer BRI,2021-10-28 12:06:37,Rok Midi
TRX2825,UMKM364,expense,134000.0,Transfer BNI,2023-03-21 12:06:37,Celana Pendek Anak
TRX2826,UMKM364,income,430000.0,,2023-02-23 12:06:37,
TRX2827,UMKM364,income,730000.0,Transfer BCA,2023-01-06 12:06:37,Kemeja Batik Pria
TRX2828,UMKM364,income,975000.0,Transfer BCA,2022-04-09 12:06:37,Kemeja Batik Pria
TRX2829,UMKM364,income,714000.0,Pembayaran tunai,2021-10-02 12:06:37,Celana Chino Pria
TRX2830,UMKM365,expense,388000.0,Tunai,2024-01-26 22:31:21,Balancing Roda
TRX2831,UMKM365,expense,156000.0,Transfer Mandiri,2025-05-26 22:31:21,
TRX2832,UMKM365,expense,861000.0,Transfer Mandiri,2025-03-19 22:31:21,Gudang Sewa
TRX2833,UMKM365,expense,1331000.0,Transfer BNI,2025-04-11 22:31:21,Jasa Titip Belanja
TRX2834,UMKM365,income,675000.0,Pembayaran tunai,2025-02-25 22:31:21,Sewa Mobil Harian
TRX2835,UMKM365,expense,1536000.0,,2025-01-02 22:31:21,Sewa Truk
TRX2836,UMKM366,expense,2964000.0,,2024-08-09 08:13:04,Gathering Perusahaan
TRX2837,UMKM366,income,1059000.0,Transfer BCA,2023-10-26 08:13:04,
TRX2838,UMKM366,expense,1858000.0,Tunai,2024-06-13 08:13:04,Desain Logo
TRX2839,UMKM366,income,2784000.0,Pembayaran tunai,2025-01-22 08:13:04,Voice Over
TRX2840,UMKM366,expense,473000.0,Tunai,2023-09-24 08:13:04,Konsultasi Bisnis
TRX2841,UMKM366,expense,2982000.0,,2025-06-04 08:13:04,Konsultasi Keuangan
TRX2842,UMKM366,income,489000.0,Transfer BCA,2024-08-30 08:13:04,Servis Mesin Cuci
TRX2843,UMKM366,income,104000.0,Transfer BRI,2025-02-04 08:13:04,Servis Mesin Cuci
TRX2844,UMKM366,income,974000.0,,2023-12-20 08:13:04,Servis Mesin Cuci
TRX2845,UMKM367,income,1026000.0,,2024-12-30 01:12:49,Jasa Packing Barang
TRX2846,UMKM367,income,209000.0,Transfer BCA,2024-11-07 01:12:49,Pengiriman Barang Kota
TRX2847,UMKM367,income,321000.0,Transfer BCA,2024-08-12 01:12:49,Pengiriman Barang Kota
TRX2848,UMKM367,expense,1265000.0,Cash,2025-02-11 01:12:49,Ganti Oli Motor
TRX2849,UMKM367,income,513000.0,,2023-11-21 01:12:49,Jasa Packing Barang
TRX2850,UMKM367,income,1113000.0,Dana,2025-06-24 01:12:49,Pengiriman Barang Kota
TRX2851,UMKM367,income,1442000.0,Dana,2024-03-22 01:12:49,Pengiriman Barang Kota
TRX2852,UMKM368,expense,1922000.0,Tunai,2022-04-11 01:50:25,
TRX2853,UMKM368,income,138000.0,,2022-01-25 01:50:25,Event Launching Produk
TRX2854,UMKM368,expense,133000.0,,2021-08-28 01:50:25,Voice Over
TRX2855,UMKM368,expense,2949000.0,,2022-11-24 01:50:25,Gathering Perusahaan
TRX2856,UMKM368,income,1507000.0,Pembayaran tunai,2022-05-07 01:50:25,Event Launching Produk
TRX2857,UMKM368,income,593000.0,Transfer BRI,2021-03-18 01:50:25,Event Launching Produk
TRX2858,UMKM368,income,1829000.0,Transfer BRI,2022-05-01 01:50:25,Event Launching Produk
TRX2859,UMKM368,expense,2942000.0,Tunai,2021-10-14 01:50:25,Konsultasi Hukum
TRX2860,UMKM368,income,641000.0,Gopay,2021-07-23 01:50:25,Event Launching Produk
TRX2861,UMKM368,expense,2056000.0,Tunai,2022-09-05 01:50:25,
TRX2862,UMKM369,expense,41000.0,,2025-01-15 11:53:06,
TRX2863,UMKM369,expense,122000.0,Tunai,2024-08-20 11:53:06,Catering Kantor
TRX2864,UMKM369,expense,201000.0,Transfer BNI,2025-01-05 11:53:06,Cireng Isi
TRX2865,UMKM369,income,50000.0,,2024-10-19 11:53:06,Kue Cubit
TRX2866,UMKM369,income,57000.0,-,2025-08-26 11:53:06,Kue Cubit
TRX2867,UMKM369,expense,57000.0,Transfer Mandiri,2024-10-11 11:53:06,Kue Cubit
TRX2868,UMKM369,income,165000.0,Dana,2024-09-18 11:53:06,Klepon
TRX2869,UMKM369,expense,193000.0,Tunai,2025-03-03 11:53:06,Klepon
TRX2870,UMKM369,income,158000.0,Transfer BCA,2024-03-13 11:53:06,Kue Cubit
TRX2871,UMKM369,income,75000.0,Pembayaran tunai,2023-11-15 11:53:06,Klepon
TRX2872,UMKM369,income,200000.0,Dana,2025-06-11 11:53:06,Catering Kantor
TRX2873,UMKM369,income,73000.0,OVO,2025-05-16 11:53:06,Kue Cubit
TRX2874,UMKM369,income,78000.0,,2025-04-21 11:53:06,Catering Kantor
TRX2875,UMKM369,expense,40000.0,,2025-09-04 11:53:06,Jus Alpukat
TRX2876,UMKM369,expense,276000.0,,2025-02-17 11:53:06,Es Campur
TRX2877,UMKM369,income,293000.0,,2024-09-16 11:53:06,Klepon
TRX2878,UMKM370,expense,14000.0,Transfer BNI,2024-11-29 16:12:16,Bibit Jagung Hibrida
TRX2879,UMKM370,income,94000.0,Dana,2023-05-28 16:12:16,Singkong Segar
TRX2880,UMKM370,expense,235000.0,Transfer Mandiri,2024-08-14 16:12:16,Pupuk NPK Mutiara
TRX2881,UMKM370,income,189000.0,Pembayaran tunai,2023-12-05 16:12:16,Singkong Segar
TRX2882,UMKM370,expense,119000.0,,2024-10-17 16:12:16,
TRX2883,UMKM370,income,87000.0,Pembayaran tunai,2023-03-23 16:12:16,Jagung Pipil Kering
TRX2884,UMKM370,expense,220000.0,Cash,2023-05-15 16:12:16,Sabit Intan
TRX2885,UMKM371,income,3724000.0,Pembayaran tunai,2023-07-19 05:29:16,Sensor Suhu Gudang
TRX2886,UMKM371,expense,1879000.0,,2024-01-09 05:29:16,Sensor Suhu Gudang
TRX2887,UMKM371,income,810000.0,Gopay,2024-10-05 05:29:16,Sensor Suhu Gudang
TRX2888,UMKM371,income,923000.0,Dana,2023-05-08 05:29:16,Sensor Suhu Gudang
TRX2889,UMKM371,expense,1246000.0,Tunai,2024-11-11 05:29:16,App Pemesanan Online
TRX2890,UMKM371,income,1108000.0,Transfer BCA,2023-12-17 05:29:16,Laptop Refurbished
TRX2891,UMKM371,income,4929000.0,Pembayaran tunai,2024-12-21 05:29:16,Monitoring Listrik IoT
TRX2892,UMKM371,income,3245000.0,Dana,2023-09-21 05:29:16,Aplikasi Kasir UMKM
TRX2893,UMKM372,income,204000.0,,2022-09-19 08:37:53,Tumbler Sablon
TRX2894,UMKM372,income,244000.0,Pembayaran tunai,2023-02-19 08:37:53,
TRX2895,UMKM372,income,186000.0,Dana,2023-01-29 08:37:53,Mug Foto
TRX2896,UMKM372,income,430000.0,Transfer BCA,2022-01-02 08:37:53,Bingkai Foto
TRX2897,UMKM372,income,96000.0,Dana,2022-09-12 08:37:53,Gantungan Kunci Custom
TRX2898,UMKM372,expense,151000.0,,2022-12-12 08:37:53,Bando Kain
TRX2899,UMKM372,expense,166000.0,,2022-11-17 08:37:53,Mainan Edukatif Kayu
TRX2900,UMKM373,expense,2740000.0,,2022-03-04 22:31:45,Konsultasi Keuangan
TRX2901,UMKM373,income,445000.0,Transfer BRI,2022-05-25 22:31:45,Servis Laptop
TRX2902,UMKM373,income,1116000.0,Transfer BCA,2022-10-02 22:31:45,Servis Laptop
TRX2903,UMKM373,expense,2366000.0,,2022-09-14 22:31:45,Servis Mesin Cuci
TRX2904,UMKM373,expense,2561000.0,,2021-12-13 22:31:45,Konsultasi Bisnis
TRX2905,UMKM373,expense,2557000.0,Transfer BNI,2023-01-07 22:31:45,Voice Over
TRX2906,UMKM374,income,2434000.0,OVO,2023-07-18 12:20:51,App Mobile Android
TRX2907,UMKM374,expense,319000.0,Cash,2022-07-07 12:20:51,
TRX2908,UMKM374,income,2571000.0,OVO,2022-10-08 12:20:51,Scanner Barcode
TRX2909,UMKM374,income,1783000.0,,2024-04-21 12:20:51,Scanner Barcode
TRX2910,UMKM374,income,4341000.0,Transfer BCA,2024-02-28 12:20:51,App Mobile Android
TRX2911,UMKM374,income,4274000.0,,2022-07-31 12:20:51,App Mobile Android
TRX2912,UMKM374,income,1645000.0,Pembayaran tunai,2022-07-21 12:20:51,Scanner Barcode
TRX2913,UMKM375,income,407000.0,,2021-10-20 22:49:26,Lampu Rotan
TRX2914,UMKM375,income,225000.0,Pembayaran tunai,2023-01-19 22:49:26,Lampu Rotan
TRX2915,UMKM375,income,176000.0,Gopay,2022-08-13 22:49:26,Hiasan Dinding Batik
TRX2916,UMKM375,income,355000.0,OVO,2023-01-03 22:49:26,Lampu Rotan
TRX2917,UMKM375,income,52000.0,OVO,2021-11-23 22:49:26,
TRX2918,UMKM375,income,426000.0,Pembayaran tunai,2021-09-26 22:49:26,Lampu Rotan
TRX2919,UMKM375,income,484000.0,Gopay,2022-06-13 22:49:26,Lampu Rotan
TRX2920,UMKM376,expense,2060000.0,Transfer BNI,2023-02-07 20:17:56,Sistem ERP
TRX2921,UMKM376,income,4154000.0,OVO,2021-09-08 20:17:56,App Pemesanan Online
TRX2922,UMKM376,income,3261000.0,OVO,2023-06-01 20:17:56,App Pemesanan Online
TRX2923,UMKM376,expense,1023000.0,Transfer Mandiri,2022-03-17 20:17:56,Aplikasi Kasir UMKM
TRX2924,UMKM376,income,2074000.0,,2023-05-06 20:17:56,App Pemesanan Online
TRX2925,UMKM376,income,4192000.0,OVO,2023-01-31 20:17:56,App Pemesanan Online
TRX2926,UMKM377,expense,703000.0,Tunai,2023-09-20 13:11:35,Polo Shirt Pria
TRX2927,UMKM377,income,658000.0,Transfer BRI,2023-09-04 13:11:35,Setelan Anak Lucu
TRX2928,UMKM377,expense,122000.0,Transfer Mandiri,2023-11-17 13:11:35,Celana Kulot
TRX2929,UMKM377,expense,590000.0,Transfer BNI,2024-06-08 13:11:35,Heels Wanita
TRX2930,UMKM377,expense,960000.0,Tunai,2024-06-09 13:11:35,Kaos Anak Motif
TRX2931,UMKM377,income,62000.0,,2024-06-21 13:11:35,Ikat Pinggang Pria
TRX2932,UMKM377,expense,419000.0,Cash,2024-06-21 13:11:35,Dompet Wanita
TRX2933,UMKM378,income,5685000.0,Dana,2024-08-28 09:44:01,Furniture Custom
TRX2934,UMKM378,expense,2662000.0,Cash,2023-12-18 09:44:01,Sewa Kantor Virtual
TRX2935,UMKM378,income,6837000.0,Gopay,2024-01-08 09:44:01,Furniture Custom
TRX2936,UMKM379,expense,1214000.0,,2024-08-13 14:19:58,Kursus Desain Canva
TRX2937,UMKM379,income,911000.0,Transfer BRI,2023-11-12 14:19:58,Kursus Komputer
TRX2938,UMKM379,expense,798000.0,,2025-01-27 14:19:58,Bimbel SBMPTN
TRX2939,UMKM379,expense,1168000.0,Transfer Mandiri,2024-05-24 14:19:58,Workshop Fotografi
TRX2940,UMKM379,expense,1448000.0,,2024-01-16 14:19:58,Kursus Desain Canva
TRX2941,UMKM379,expense,403000.0,,2024-10-12 14:19:58,Buku Matematika SMP
TRX2942,UMKM380,income,415000.0,,2024-03-23 04:20:07,Mainan Edukatif Kayu
TRX2943,UMKM380,income,266000.0,OVO,2024-04-11 04:20:07,Gelang Manik Handmade
TRX2944,UMKM380,income,419000.0,Transfer BCA,2023-04-23 04:20:07,Gelang Manik Handmade
TRX2945,UMKM381,income,124000.0,Pembayaran tunai,2022-08-07 12:16:58,Anting Mutiara
TRX2946,UMKM381,income,67000.0,OVO,2021-05-27 12:16:58,
TRX2947,UMKM381,expense,651000.0,Tunai,2022-02-12 12:16:58,
TRX2948,UMKM381,income,119000.0,,2021-04-17 12:16:58,Anting Mutiara
TRX2949,UMKM381,expense,64000.0,Transfer BNI,2022-12-25 12:16:58,Heels Wanita
TRX2950,UMKM381,expense,318000.0,Tunai,2022-04-05 12:16:58,
TRX2951,UMKM382,expense,120000.0,Cash,2023-06-09 00:44:58,
TRX2952,UMKM382,expense,30000.0,Tunai,2023-09-27 00:44:58,Tepung Mocaf
TRX2953,UMKM382,expense,40000.0,Cash,2023-02-25 00:44:58,Pupuk NPK Mutiara
TRX2954,UMKM382,income,213000.0,Transfer BRI,2023-12-15 00:44:58,Sprayer Hama
TRX2955,UMKM382,expense,269000.0,Transfer Mandiri,2024-11-08 00:44:58,Bibit Cabai Rawit
TRX2956,UMKM383,income,161000.0,Pembayaran tunai,2022-04-27 20:15:51,
TRX2957,UMKM383,income,336000.0,Pembayaran tunai,2022-05-28 20:15:51,Kalsium Tablet
TRX2958,UMKM383,income,379000.0,Pembayaran tunai,2023-08-09 20:15:51,Probiotik Sachet
TRX2959,UMKM383,expense,271000.0,Cash,2023-03-06 20:15:51,
TRX2960,UMKM383,income,407000.0,Pembayaran tunai,2023-03-25 20:15:51,Omega 3 Kapsul
TRX2961,UMKM383,expense,227000.0,Transfer Mandiri,2022-07-14 20:15:51,Multivitamin Anak
TRX2962,UMKM384,expense,221000.0,Transfer BNI,2021-08-22 11:17:48,Kue Cubit
TRX2963,UMKM384,expense,210000.0,Transfer Mandiri,2021-06-23 11:17:48,Es Teh Manis
TRX2964,UMKM384,expense,47000.0,,2021-04-16 11:17:48,Makaroni Goreng
TRX2965,UMKM384,income,279000.0,OVO,2021-08-05 11:17:48,Paket Prasmanan
TRX2966,UMKM384,income,280000.0,Dana,2022-09-27 11:17:48,Snack Box Meeting
TRX2967,UMKM384,income,83000.0,OVO,2021-06-13 11:17:48,Klepon
TRX2968,UMKM384,expense,147000.0,Transfer BNI,2022-08-29 11:17:48,Es Teh Manis
TRX2969,UMKM384,income,47000.0,Gopay,2022-08-31 11:17:48,Snack Box Meeting
TRX2970,UMKM384,expense,163000.0,Transfer Mandiri,2022-05-27 11:17:48,Catering Pernikahan
TRX2971,UMKM384,expense,45000.0,,2022-09-25 11:17:48,Rendang Padang
TRX2972,UMKM384,income,266000.0,Dana,2021-07-13 11:17:48,Nasi Padang
TRX2973,UMKM384,income,109000.0,Gopay,2021-12-05 11:17:48,Paket Prasmanan
TRX2974,UMKM384,income,84000.0,Transfer BRI,2022-09-02 11:17:48,Klepon
TRX2975,UMKM384,income,279000.0,Dana,2022-10-27 11:17:48,Nasi Padang
TRX2976,UMKM384,income,172000.0,,2022-09-03 11:17:48,
TRX2977,UMKM384,income,205000.0,Gopay,2022-10-22 11:17:48,Kue Cubit
TRX2978,UMKM384,expense,38000.0,Cash,2021-08-12 11:17:48,Es Krim Lokal
TRX2979,UMKM385,income,2640000.0,,2024-04-29 04:07:41,Sistem Irigasi Otomatis
TRX2980,UMKM385,income,3683000.0,OVO,2023-05-06 04:07:41,Instalasi CCTV
TRX2981,UMKM385,expense,2054000.0,Cash,2024-07-02 04:07:41,Aplikasi HR
TRX2982,UMKM385,expense,574000.0,Transfer BNI,2023-03-11 04:07:41,
TRX2983,UMKM385,expense,2102000.0,Cash,2023-04-11 04:07:41,Laptop Refurbished
TRX2984,UMKM386,income,226000.0,Pembayaran tunai,2024-11-30 04:07:48,Last Mile Delivery
TRX2985,UMKM386,expense,1943000.0,Cash,2023-09-30 04:07:48,Sewa Motor Harian
TRX2986,UMKM386,income,939000.0,Transfer BRI,2025-04-09 04:07:48,Paket Umroh
TRX2987,UMKM386,expense,287000.0,Transfer Mandiri,2024-01-08 04:07:48,Antar Jemput Sekolah
TRX2988,UMKM386,income,978000.0,Gopay,2025-02-14 04:07:48,Sewa Truk
TRX2989,UMKM387,income,33000.0,,2024-06-12 17:50:32,Es Krim Lokal
TRX2990,UMKM387,expense,163000.0,Transfer BNI,2023-09-19 17:50:32,Opak Angin
TRX2991,UMKM387,income,94000.0,Transfer BCA,2024-01-28 17:50:32,Es Krim Lokal
TRX2992,UMKM387,income,66000.0,,2024-03-29 17:50:32,Es Krim Lokal
TRX2993,UMKM387,expense,11000.0,Transfer Mandiri,2023-02-15 17:50:32,Nasi Padang
TRX2994,UMKM387,expense,75000.0,Transfer Mandiri,2023-03-26 17:50:32,Jus Alpukat
TRX2995,UMKM387,income,10000.0,Dana,2023-09-10 17:50:32,Es Krim Lokal
TRX2996,UMKM387,expense,88000.0,Transfer BNI,2023-02-11 17:50:32,Basreng Kering
TRX2997,UMKM387,expense,259000.0,Transfer Mandiri,2022-12-15 17:50:32,Paket Nasi Box
TRX2998,UMKM387,income,182000.0,Transfer BCA,2024-07-12 17:50:32,
TRX2999,UMKM387,income,272000.0,Transfer BRI,2023-09-11 17:50:32,Es Krim Lokal
TRX3000,UMKM387,income,269000.0,Transfer BCA,2023-08-17 17:50:32,Es Krim Lokal
TRX3001,UMKM387,income,137000.0,Dana,2023-06-21 17:50:32,Es Krim Lokal
TRX3002,UMKM387,income,90000.0,Pembayaran tunai,2023-07-26 17:50:32,Es Krim Lokal
TRX3003,UMKM388,income,811000.0,Transfer BRI,2022-11-19 02:40:37,Buku Resep Masakan
TRX3004,UMKM388,income,309000.0,OVO,2022-08-09 02:40:37,Buku Matematika SMP
TRX3005,UMKM388,income,600000.0,Gopay,2021-11-09 02:40:37,Buku Resep Masakan
TRX3006,UMKM388,expense,291000.0,Transfer Mandiri,2023-07-14 02:40:37,Les Piano
TRX3007,UMKM389,expense,25000.0,Tunai,2022-11-17 10:49:04,
TRX3008,UMKM389,income,181000.0,Transfer BRI,2023-02-11 10:49:04,
TRX3009,UMKM389,expense,229000.0,Cash,2021-09-08 10:49:04,Sprayer Hama
TRX3010,UMKM389,income,149000.0,Transfer BRI,2022-05-30 10:49:04,Bibit Semangka
TRX3011,UMKM389,income,278000.0,Transfer BRI,2022-10-01 10:49:04,Bibit Semangka
TRX3012,UMKM389,income,42000.0,Transfer BCA,2021-12-05 10:49:04,Bibit Semangka
TRX3013,UMKM390,expense,139000.0,,2022-02-13 08:54:37,Seblak Kering
TRX3014,UMKM390,income,300000.0,,2023-07-31 08:54:37,Catering Kantor
TRX3015,UMKM390,expense,44000.0,Cash,2022-02-22 08:54:37,Gado-Gado
TRX3016,UMKM390,income,259000.0,Transfer BCA,2023-02-24 08:54:37,Paket Prasmanan
TRX3017,UMKM390,income,238000.0,Dana,2023-04-18 08:54:37,Catering Pernikahan
TRX3018,UMKM390,expense,266000.0,Transfer Mandiri,2022-10-18 08:54:37,
TRX3019,UMKM390,expense,189000.0,,2023-01-08 08:54:37,Es Campur
TRX3020,UMKM390,expense,33000.0,Transfer BNI,2023-02-25 08:54:37,Wedang Jahe
TRX3021,UMKM390,income,260000.0,,2021-11-18 08:54:37,Paket Prasmanan
TRX3022,UMKM390,income,295000.0,,2022-07-30 08:54:37,Snack Box Meeting
TRX3023,UMKM390,expense,90000.0,Transfer BNI,2023-03-07 08:54:37,Jus Alpukat
TRX3024,UMKM391,income,203000.0,Transfer BCA,2023-10-04 19:39:37,Pulse Oximeter
TRX3025,UMKM391,income,95000.0,Pembayaran tunai,2023-10-16 19:39:37,Pulse Oximeter
TRX3026,UMKM391,income,145000.0,Transfer BCA,2022-09-10 19:39:37,Layanan Bidan
TRX3027,UMKM392,income,57000.0,Transfer BCA,2024-08-07 07:39:34,
TRX3028,UMKM392,expense,298000.0,Transfer Mandiri,2024-09-25 07:39:34,Paket Nasi Box
TRX3029,UMKM392,income,64000.0,Transfer BCA,2024-09-11 07:39:34,Jus Alpukat
TRX3030,UMKM392,income,121000.0,OVO,2025-03-14 07:39:34,Bolu Kukus
TRX3031,UMKM392,income,265000.0,,2023-08-02 07:39:34,Kopi Susu
TRX3032,UMKM392,income,6000.0,OVO,2025-02-02 07:39:34,Bolu Kukus
TRX3033,UMKM392,income,27000.0,,2024-11-29 07:39:34,
TRX3034,UMKM392,expense,11000.0,,2024-07-26 07:39:34,Pudding Coklat
TRX3035,UMKM392,income,130000.0,Pembayaran tunai,2024-03-29 07:39:34,Jus Alpukat
TRX3036,UMKM392,expense,28000.0,Transfer Mandiri,2025-05-13 07:39:34,Es Teh Manis
TRX3037,UMKM392,income,246000.0,Transfer BRI,2024-12-07 07:39:34,Bolu Kukus
TRX3038,UMKM392,expense,191000.0,Transfer BNI,2025-05-26 07:39:34,Risol Mayo
TRX3039,UMKM392,income,201000.0,Pembayaran tunai,2023-11-04 07:39:34,Bolu Kukus
TRX3040,UMKM392,expense,81000.0,,2024-12-17 07:39:34,Brownies Kukus
TRX3041,UMKM392,expense,96000.0,Cash,2025-03-16 07:39:34,Rendang Padang
TRX3042,UMKM392,income,23000.0,Pembayaran tunai,2024-04-01 07:39:34,Jus Alpukat
TRX3043,UMKM392,expense,288000.0,Transfer Mandiri,2024-11-12 07:39:34,Gado-Gado
TRX3044,UMKM392,income,219000.0,Transfer BCA,2025-06-13 07:39:34,Jus Alpukat
TRX3045,UMKM392,income,119000.0,,2025-06-15 07:39:34,Jus Alpukat
TRX3046,UMKM392,income,169000.0,Pembayaran tunai,2024-05-20 07:39:34,Jus Alpukat
TRX3047,UMKM393,income,304000.0,Dana,2024-08-09 11:20:15,Gamis Syari
TRX3048,UMKM393,income,476000.0,Pembayaran tunai,2025-02-09 11:20:15,Tunik Polos
TRX3049,UMKM393,expense,987000.0,Tunai,2023-07-24 11:20:15,
TRX3050,UMKM393,income,787000.0,Dana,2024-01-23 11:20:15,Tunik Polos
TRX3051,UMKM393,expense,377000.0,Transfer Mandiri,2024-09-19 11:20:15,Sandal Casual
TRX3052,UMKM393,expense,327000.0,Cash,2023-07-31 11:20:15,Celana Kulot
TRX3053,UMKM393,income,895000.0,Gopay,2023-09-12 11:20:15,Atasan Motif
TRX3054,UMKM393,income,129000.0,Transfer BCA,2024-08-25 11:20:15,
TRX3055,UMKM394,income,635000.0,Transfer BCA,2023-09-21 01:44:48,Topi Baseball
TRX3056,UMKM394,income,431000.0,Gopay,2024-05-20 01:44:48,Dompet Wanita
TRX3057,UMKM394,income,172000.0,Gopay,2024-01-31 01:44:48,Rok Midi
TRX3058,UMKM394,income,564000.0,Dana,2023-08-29 01:44:48,Cardigan Wanita
TRX3059,UMKM394,income,739000.0,Gopay,2024-04-30 01:44:48,Jaket Anak
TRX3060,UMKM394,income,973000.0,Transfer BCA,2024-05-27 01:44:48,Jaket Anak
TRX3061,UMKM394,income,103000.0,Transfer BCA,2023-06-19 01:44:48,Tas Kulit Mini
TRX3062,UMKM394,income,233000.0,Transfer BRI,2023-03-31 01:44:48,Jaket Anak
TRX3063,UMKM394,income,278000.0,Transfer BCA,2024-04-08 01:44:48,Rok Midi
TRX3064,UMKM394,income,873000.0,Transfer BCA,2024-09-12 01:44:48,Jaket Anak
TRX3065,UMKM394,income,578000.0,OVO,2024-02-12 01:44:48,Anting Mutiara
TRX3066,UMKM394,expense,97000.0,,2024-03-11 01:44:48,Sweater Pria
TRX3067,UMKM395,income,460000.0,Pembayaran tunai,2023-11-13 12:31:52,Sepatu Boots
TRX3068,UMKM395,income,120000.0,Transfer BCA,2024-08-31 12:31:52,Jaket Bomber Pria
TRX3069,UMKM395,expense,948000.0,Cash,2024-10-31 12:31:52,Celana Pendek Anak
TRX3070,UMKM395,expense,526000.0,Tunai,2023-12-24 12:31:52,Dress Anak Pesta
TRX3071,UMKM395,income,936000.0,OVO,2023-11-27 12:31:52,Jaket Bomber Pria
TRX3072,UMKM395,expense,339000.0,,2024-11-11 12:31:52,
TRX3073,UMKM396,income,421000.0,,2023-10-16 15:05:10,Pot Tanah Liat
TRX3074,UMKM396,income,457000.0,Gopay,2024-04-12 15:05:10,Tas Rajut
TRX3075,UMKM396,income,184000.0,Transfer BCA,2024-07-06 15:05:10,Pot Tanah Liat
TRX3076,UMKM396,income,192000.0,Transfer BRI,2024-03-10 15:05:10,Pot Tanah Liat
TRX3077,UMKM396,expense,69000.0,Tunai,2024-11-25 15:05:10,Tas Plastik Daur Ulang
TRX3078,UMKM397,income,288000.0,Pembayaran tunai,2023-10-19 08:47:52,Bolu Kukus
TRX3079,UMKM397,expense,238000.0,Cash,2024-11-06 08:47:52,Catering Pernikahan
TRX3080,UMKM397,expense,9000.0,-,2024-04-28 08:47:52,Matcha Latte
TRX3081,UMKM397,expense,193000.0,Cash,2023-08-19 08:47:52,
TRX3082,UMKM397,expense,107000.0,Transfer BNI,2024-12-04 08:47:52,Snack Box Meeting
TRX3083,UMKM397,expense,154000.0,Cash,2024-12-22 08:47:52,Paket Nasi Box
TRX3084,UMKM397,income,293000.0,Transfer BRI,2024-02-07 08:47:52,Pecel Lele
TRX3085,UMKM397,expense,160000.0,Tunai,2023-11-11 08:47:52,
TRX3086,UMKM397,income,129000.0,Pembayaran tunai,2024-08-06 08:47:52,Es Teh Manis
TRX3087,UMKM397,income,242000.0,OVO,2024-11-20 08:47:52,Bolu Kukus
TRX3088,UMKM397,income,193000.0,Transfer BRI,2024-05-05 08:47:52,Es Teh Manis
TRX3089,UMKM397,income,257000.0,Gopay,2023-07-25 08:47:52,Pecel Lele
TRX3090,UMKM397,expense,105000.0,Tunai,2024-03-01 08:47:52,
TRX3091,UMKM397,income,284000.0,Gopay,2024-05-13 08:47:52,Es Teh Manis
TRX3092,UMKM397,income,130000.0,Transfer BRI,2023-10-26 08:47:52,Es Teh Manis
TRX3093,UMKM397,expense,82000.0,Transfer Mandiri,2023-04-08 08:47:52,Es Teh Manis
TRX3094,UMKM398,income,8000.0,Dana,2024-01-27 11:20:17,Opak Angin
TRX3095,UMKM398,income,214000.0,Pembayaran tunai,2024-10-12 11:20:17,Basreng Kering
TRX3096,UMKM398,income,17000.0,,2024-07-09 11:20:17,Bakso Mercon
TRX3097,UMKM398,income,124000.0,Dana,2024-01-09 11:20:17,Paket Prasmanan
TRX3098,UMKM398,income,282000.0,Dana,2024-07-18 11:20:17,Makaroni Goreng
TRX3099,UMKM398,income,182000.0,Pembayaran tunai,2025-09-29 11:20:17,Makaroni Goreng
TRX3100,UMKM398,expense,9000.0,Tunai,2024-10-06 11:20:17,
TRX3101,UMKM398,expense,176000.0,Transfer BNI,2024-11-02 11:20:17,Es Boba
TRX3102,UMKM398,income,5000.0,Transfer BRI,2023-12-29 11:20:17,Bakso Mercon
TRX3103,UMKM398,income,197000.0,Transfer BRI,2024-04-19 11:20:17,Bakso Mercon
TRX3104,UMKM398,income,162000.0,OVO,2025-07-30 11:20:17,Kue Cubit
TRX3105,UMKM398,income,58000.0,,2025-06-11 11:20:17,Catering Pernikahan
TRX3106,UMKM398,expense,110000.0,Cash,2025-08-09 11:20:17,Wedang Jahe
TRX3107,UMKM398,income,276000.0,Gopay,2024-05-30 11:20:17,Paket Prasmanan
TRX3108,UMKM398,income,126000.0,Gopay,2024-04-10 11:20:17,Opak Angin
TRX3109,UMKM398,income,219000.0,Gopay,2024-03-25 11:20:17,Makaroni Goreng
TRX3110,UMKM398,income,256000.0,,2024-05-21 11:20:17,Paket Prasmanan
TRX3111,UMKM398,expense,35000.0,Cash,2023-11-30 11:20:17,Keripik Singkong Pedas
TRX3112,UMKM398,income,77000.0,Dana,2024-08-25 11:20:17,Makaroni Goreng
TRX3113,UMKM398,income,148000.0,Transfer BRI,2025-09-17 11:20:17,Makaroni Goreng
TRX3114,UMKM399,income,240000.0,,2024-07-17 13:15:40,Pengiriman Barang Kota
TRX3115,UMKM399,income,139000.0,OVO,2023-04-15 13:15:40,Gudang Sewa
TRX3116,UMKM399,expense,1936000.0,,2023-05-31 13:15:40,
TRX3117,UMKM399,income,524000.0,Transfer BRI,2024-03-10 13:15:40,Gudang Sewa
TRX3118,UMKM399,expense,1887000.0,,2024-05-11 13:15:40,Pengiriman Barang Kota
TRX3119,UMKM400,expense,1781000.0,,2025-05-31 21:33:15,Tour Domestik
TRX3120,UMKM400,expense,1114000.0,Tunai,2024-08-12 21:33:15,Sewa Pickup
TRX3121,UMKM400,income,895000.0,Pembayaran tunai,2025-06-08 21:33:15,Sewa Motor Harian
TRX3122,UMKM400,expense,1485000.0,Tunai,2024-04-19 21:33:15,Paket Umroh
TRX3123,UMKM400,income,1884000.0,Dana,2023-11-17 21:33:15,Sewa Pickup
TRX3124,UMKM400,expense,812000.0,,2024-09-23 21:33:15,Open Trip Bromo
TRX3125,UMKM401,expense,1977000.0,Tunai,2021-12-06 12:05:17,Paket Pernikahan
TRX3126,UMKM401,income,447000.0,Gopay,2022-12-07 12:05:17,Seminar Nasional
TRX3127,UMKM401,income,2478000.0,Transfer BRI,2022-10-11 12:05:17,Desain Kemasan
TRX3128,UMKM401,expense,491000.0,,2023-06-08 12:05:17,Event Launching Produk
TRX3129,UMKM401,income,2170000.0,,2022-03-11 12:05:17,Paket Ulang Tahun
TRX3130,UMKM401,income,646000.0,Dana,2023-07-20 12:05:17,Konsultasi Marketing
TRX3131,UMKM402,expense,341000.0,Tunai,2023-08-19 07:12:29,Vitamin C 1000mg
TRX3132,UMKM402,expense,434000.0,Tunai,2024-01-27 07:12:29,Madu Murni
TRX3133,UMKM402,expense,216000.0,Tunai,2023-05-05 07:12:29,
TRX3134,UMKM402,income,53000.0,Dana,2023-10-18 07:12:29,Paket Spa Relaksasi
TRX3147,UMKM404,income,870000.0,OVO,2025-04-28 08:18:05,Heels Wanita
TRX3148,UMKM404,expense,452000.0,,2024-12-25 08:18:05,Gamis Syari
TRX3149,UMKM404,expense,767000.0,Tunai,2024-03-21 08:18:05,Anting Mutiara
TRX3150,UMKM404,income,901000.0,,2023-10-16 08:18:05,Heels Wanita
TRX3151,UMKM404,expense,803000.0,,2024-06-04 08:18:05,Sepatu Sneakers
TRX3152,UMKM404,income,384000.0,,2023-12-16 08:18:05,Gelang Perak
TRX3153,UMKM404,expense,375000.0,Cash,2025-07-31 08:18:05,Celana Chino Pria
TRX3154,UMKM404,expense,513000.0,Transfer BNI,2024-01-17 08:18:05,
TRX3155,UMKM404,income,328000.0,Transfer BCA,2025-01-12 08:18:05,Heels Wanita
TRX3156,UMKM404,income,289000.0,,2025-03-31 08:18:05,Gelang Perak
TRX3165,UMKM406,expense,245000.0,Transfer BNI,2022-11-19 07:52:30,Paket Spa Relaksasi
TRX3166,UMKM406,expense,253000.0,Transfer BNI,2022-05-16 07:52:30,Multivitamin Anak
TRX3167,UMKM406,income,175000.0,Transfer BRI,2022-08-24 07:52:30,Multivitamin Anak
TRX3168,UMKM406,income,223000.0,,2022-11-05 07:52:30,Pijat Tradisional
TRX3169,UMKM407,income,2478000.0,,2023-09-28 12:08:08,Sewa Ruko Per Bulan
TRX3170,UMKM408,expense,1147000.0,Cash,2022-09-13 19:14:09,Kursus Python Pemula
TRX3171,UMKM408,expense,783000.0,Tunai,2022-05-14 19:14:09,Pelatihan K3
TRX3172,UMKM408,expense,475000.0,,2022-05-18 19:14:09,Kursus Komputer
TRX3173,UMKM408,income,975000.0,Dana,2023-09-02 19:14:09,Bimbel SBMPTN
TRX3174,UMKM408,expense,681000.0,Tunai,2022-03-30 19:14:09,Kursus Public Speaking
TRX3175,UMKM409,expense,1997000.0,Cash,2023-04-30 21:14:09,Desain Undangan
TRX3176,UMKM409,income,1185000.0,Dana,2023-01-25 21:14:09,
TRX3177,UMKM409,expense,591000.0,,2024-02-01 21:14:09,Data Entry
TRX3178,UMKM409,expense,470000.0,Cash,2023-11-21 21:14:09,Konsultasi Bisnis
TRX3179,UMKM409,income,745000.0,Gopay,2023-08-11 21:14:09,Servis AC Split
TRX3180,UMKM409,income,2910000.0,,2022-09-25 21:14:09,Event Launching Produk
TRX3181,UMKM409,income,1346000.0,Gopay,2023-11-15 21:14:09,Penulisan Artikel SEO
TRX3182,UMKM409,income,2986000.0,,2023-12-31 21:14:09,Event Launching Produk
TRX3183,UMKM409,expense,2954000.0,Transfer Mandiri,2024-06-06 21:14:09,Voice Over
TRX3184,UMKM410,income,25000.0,Pembayaran tunai,2022-09-10 08:21:08,Risol Mayo
TRX3185,UMKM410,income,115000.0,Pembayaran tunai,2021-09-06 08:21:08,Risol Mayo
TRX3186,UMKM410,income,172000.0,OVO,2022-12-07 08:21:08,Risol Mayo
TRX3187,UMKM410,expense,80000.0,Transfer BNI,2021-08-09 08:21:08,Wedang Jahe
TRX3188,UMKM410,expense,51000.0,Cash,2023-02-06 08:21:08,Lontong Sayur
TRX3189,UMKM410,expense,132000.0,Tunai,2021-12-23 08:21:08,Pudding Coklat
TRX3190,UMKM410,expense,187000.0,Tunai,2022-04-07 08:21:08,Lontong Sayur
TRX3191,UMKM410,income,207000.0,,2021-04-24 08:21:08,Keripik Singkong Pedas
TRX3192,UMKM410,income,267000.0,Transfer BRI,2021-08-26 08:21:08,Keripik Singkong Pedas
TRX3193,UMKM410,income,30000.0,,2023-01-26 08:21:08,Keripik Singkong Pedas
TRX3194,UMKM410,expense,158000.0,,2022-07-02 08:21:08,Soto Ayam
TRX3195,UMKM410,expense,138000.0,Transfer Mandiri,2021-04-29 08:21:08,Mie Ayam Pangsit
TRX3196,UMKM410,income,94000.0,,2023-01-06 08:21:08,Keripik Singkong Pedas
TRX3197,UMKM410,expense,20000.0,Tunai,2021-11-30 08:21:08,
TRX3198,UMKM410,expense,212000.0,Cash,2022-01-19 08:21:08,
TRX3199,UMKM410,expense,236000.0,Tunai,2022-11-05 08:21:08,Snack Box Meeting
TRX3200,UMKM410,income,289000.0,OVO,2021-04-10 08:21:08,Keripik Singkong Pedas
TRX3201,UMKM410,income,286000.0,Pembayaran tunai,2023-02-02 08:21:08,Risol Mayo
TRX3202,UMKM410,income,132000.0,Gopay,2023-02-10 08:21:08,Keripik Singkong Pedas
TRX3203,UMKM411,income,58000.0,Pembayaran tunai,2025-07-06 00:24:38,Bibit Jagung Hibrida
TRX3204,UMKM411,expense,246000.0,Cash,2024-01-17 00:24:38,
TRX3205,UMKM411,expense,62000.0,Transfer Mandiri,2025-07-19 00:24:38,Keripik Pisang
TRX3206,UMKM411,income,81000.0,,2025-02-10 00:24:38,Bibit Jagung Hibrida
TRX3207,UMKM411,expense,72000.0,,2025-08-08 00:24:38,Pupuk KCl
TRX3208,UMKM411,expense,16000.0,,2024-01-03 00:24:38,Pupuk KCl
TRX3209,UMKM412,income,176000.0,Transfer BRI,2022-03-26 04:33:37,Kursus Editing Video
TRX3210,UMKM412,income,505000.0,Transfer BCA,2022-09-23 04:33:37,Kursus Editing Video
TRX3211,UMKM412,income,317000.0,-,2022-09-25 04:33:37,Kursus Editing Video
TRX3212,UMKM412,expense,455000.0,Cash,2023-12-21 04:33:37,Kursus Memasak
TRX3213,UMKM412,income,870000.0,Gopay,2023-05-25 04:33:37,Kursus Editing Video
TRX3214,UMKM412,income,812000.0,OVO,2023-02-03 04:33:37,Kursus Editing Video
TRX3215,UMKM412,income,1455000.0,Transfer BCA,2023-12-22 04:33:37,Kursus Editing Video
TRX3216,UMKM412,expense,1340000.0,Transfer BNI,2023-12-12 04:33:37,Kursus Digital Marketing
TRX3217,UMKM413,income,1370000.0,Gopay,2024-06-23 14:37:36,Buku Resep Masakan
TRX3218,UMKM413,income,222000.0,Transfer BCA,2024-08-15 14:37:36,Kursus Memasak
TRX3219,UMKM413,income,1242000.0,Dana,2024-06-30 14:37:36,Buku Resep Masakan
TRX3220,UMKM413,income,1250000.0,,2024-05-23 14:37:36,Buku Resep Masakan
TRX3221,UMKM413,income,580000.0,Pembayaran tunai,2024-08-05 14:37:36,Buku Bisnis Online
TRX3222,UMKM414,income,714000.0,OVO,2024-02-17 00:17:51,App Pemesanan Online
TRX3223,UMKM414,expense,278000.0,,2023-10-08 00:17:51,Aplikasi HR
TRX3224,UMKM414,income,628000.0,Transfer BCA,2023-12-03 00:17:51,App Pemesanan Online
TRX3225,UMKM414,income,1719000.0,Transfer BRI,2025-04-12 00:17:51,App Pemesanan Online
TRX3226,UMKM415,expense,237000.0,,2022-03-08 04:35:08,
TRX3227,UMKM415,income,75000.0,Transfer BRI,2021-11-23 04:35:08,Pupuk NPK Mutiara
TRX3228,UMKM415,income,57000.0,Gopay,2021-07-28 04:35:08,Pupuk NPK Mutiara
TRX3229,UMKM415,income,179000.0,Gopay,2022-02-04 04:35:08,Abon Ikan
TRX3230,UMKM416,income,67000.0,OVO,2021-12-12 08:28:12,Catering Pernikahan
TRX3231,UMKM416,income,26000.0,Transfer BRI,2022-04-09 08:28:12,Jus Alpukat
TRX3232,UMKM416,income,241000.0,Transfer BCA,2022-09-02 08:28:12,Jus Alpukat
TRX3233,UMKM416,income,30000.0,Dana,2023-07-30 08:28:12,Bakso Mercon
TRX3234,UMKM416,income,91000.0,Transfer BCA,2023-07-13 08:28:12,Opak Angin
TRX3235,UMKM416,income,298000.0,Transfer BRI,2022-05-25 08:28:12,Opak Angin
TRX3236,UMKM416,expense,226000.0,Tunai,2022-10-26 08:28:12,Es Boba
TRX3237,UMKM416,income,207000.0,,2023-02-09 08:28:12,Jus Alpukat
TRX3238,UMKM416,expense,259000.0,Transfer Mandiri,2022-03-15 08:28:12,Keripik Singkong Pedas
TRX3239,UMKM416,income,20000.0,Gopay,2022-06-14 08:28:12,Bakso Mercon
TRX3240,UMKM416,income,200000.0,Transfer BCA,2022-03-26 08:28:12,Opak Angin
TRX3241,UMKM416,expense,223000.0,Transfer BNI,2022-03-01 08:28:12,
TRX3242,UMKM416,income,93000.0,Transfer BCA,2022-09-02 08:28:12,Catering Pernikahan
TRX3243,UMKM416,expense,186000.0,Transfer Mandiri,2022-08-06 08:28:12,Es Krim Lokal
TRX3244,UMKM416,income,114000.0,OVO,2023-04-09 08:28:12,Catering Pernikahan
TRX3245,UMKM416,expense,100000.0,,2021-10-22 08:28:12,Soto Ayam
TRX3246,UMKM416,expense,145000.0,Transfer Mandiri,2022-04-27 08:28:12,Snack Box Meeting
TRX3247,UMKM416,expense,148000.0,Cash,2022-09-12 08:28:12,Basreng Kering
TRX3255,UMKM418,expense,356000.0,Cash,2022-05-31 21:44:27,Bando Kain
TRX3256,UMKM418,income,176000.0,Transfer BRI,2022-02-11 21:44:27,Miniatur Rumah Kayu
TRX3257,UMKM418,income,280000.0,Transfer BCA,2022-07-03 21:44:27,Miniatur Rumah Kayu
TRX3258,UMKM418,income,235000.0,Gopay,2021-12-10 21:44:27,Miniatur Rumah Kayu
TRX3259,UMKM418,income,476000.0,Pembayaran tunai,2022-07-13 21:44:27,Miniatur Rumah Kayu
TRX3260,UMKM418,income,306000.0,Pembayaran tunai,2022-09-29 21:44:27,Miniatur Rumah Kayu
TRX3261,UMKM418,income,270000.0,Transfer BRI,2022-05-09 21:44:27,Miniatur Rumah Kayu
TRX3262,UMKM419,income,36000.0,Gopay,2021-06-01 22:34:45,Gado-Gado
TRX3263,UMKM419,expense,49000.0,Transfer BNI,2023-02-15 22:34:45,Catering Kantor
TRX3264,UMKM419,income,148000.0,Dana,2022-12-06 22:34:45,Brownies Kukus
TRX3265,UMKM419,income,201000.0,Transfer BRI,2021-06-03 22:34:45,Brownies Kukus
TRX3266,UMKM419,expense,75000.0,Cash,2021-08-15 22:34:45,
TRX3267,UMKM419,income,219000.0,Gopay,2022-12-04 22:34:45,Gado-Gado
TRX3268,UMKM419,income,107000.0,Gopay,2022-05-24 22:34:45,Brownies Kukus
TRX3269,UMKM419,expense,274000.0,Tunai,2022-12-24 22:34:45,Snack Box Meeting
TRX3270,UMKM419,income,132000.0,,2022-03-31 22:34:45,Es Campur
TRX3271,UMKM419,income,283000.0,Transfer BCA,2023-02-22 22:34:45,Brownies Kukus
TRX3272,UMKM419,expense,14000.0,Cash,2022-08-27 22:34:45,Snack Box Meeting
TRX3273,UMKM420,income,3233000.0,Gopay,2022-03-23 10:50:51,Aplikasi Inventory
TRX3274,UMKM420,income,3041000.0,Pembayaran tunai,2022-01-23 10:50:51,
TRX3275,UMKM420,income,4029000.0,Gopay,2021-03-19 10:50:51,Printer Thermal
TRX3276,UMKM420,income,4560000.0,Dana,2023-01-15 10:50:51,Printer Thermal
TRX3277,UMKM420,income,4070000.0,Transfer BRI,2022-02-23 10:50:51,Aplikasi Inventory
TRX3279,UMKM420,expense,4733000.0,,2021-03-30 10:50:51,
TRX3280,UMKM420,expense,4215000.0,Cash,2021-10-18 10:50:51,Software Akuntansi
TRX3281,UMKM420,income,2734000.0,,2022-08-15 10:50:51,Setup Server
TRX3282,UMKM421,expense,447000.0,Transfer BNI,2022-06-30 16:06:39,Jaket Anak
TRX3283,UMKM421,income,326000.0,OVO,2022-08-26 16:06:39,Celana Kulot
TRX3284,UMKM421,expense,234000.0,Transfer Mandiri,2023-09-10 16:06:39,Celana Panjang Pria
TRX3285,UMKM421,expense,76000.0,Tunai,2023-03-13 16:06:39,Jaket Anak
TRX3286,UMKM421,income,376000.0,,2022-08-05 16:06:39,Blouse Wanita
TRX3287,UMKM421,income,661000.0,,2022-04-18 16:06:39,Celana Kulot
TRX3288,UMKM421,expense,274000.0,,2023-10-03 16:06:39,Tunik Polos
TRX3289,UMKM421,expense,80000.0,Transfer Mandiri,2024-03-02 16:06:39,Polo Shirt Pria
TRX3290,UMKM421,expense,967000.0,,2023-03-09 16:06:39,
TRX3291,UMKM421,expense,880000.0,,2022-09-29 16:06:39,Heels Wanita
TRX3292,UMKM421,income,847000.0,Pembayaran tunai,2023-08-24 16:06:39,Dress Anak Pesta
TRX3293,UMKM421,expense,337000.0,Tunai,2022-06-04 16:06:39,Celana Pendek Anak
TRX3294,UMKM422,income,169000.0,Transfer BRI,2023-09-29 11:16:31,Antar Jemput Bandara
TRX3295,UMKM422,income,1706000.0,,2023-05-20 11:16:31,Driver Harian
TRX3296,UMKM422,income,1016000.0,Dana,2023-06-25 11:16:31,Driver Harian
TRX3297,UMKM422,expense,1134000.0,Tunai,2024-02-18 11:16:31,Driver Harian
TRX3298,UMKM422,income,782000.0,,2023-07-02 11:16:31,Driver Harian
TRX3299,UMKM422,expense,1620000.0,Transfer BNI,2023-10-26 11:16:31,
TRX3300,UMKM422,expense,1246000.0,Cash,2023-09-12 11:16:31,Cuci Mobil
TRX3301,UMKM422,income,526000.0,OVO,2022-10-14 11:16:31,Driver Harian
TRX3302,UMKM423,expense,753000.0,Transfer Mandiri,2021-11-18 11:20:11,Konsultasi Bisnis
TRX3303,UMKM423,expense,510000.0,Transfer Mandiri,2022-12-06 11:20:11,Event Launching Produk
TRX3304,UMKM423,expense,1115000.0,Transfer BNI,2022-08-08 11:20:11,
TRX3305,UMKM423,income,2790000.0,Transfer BCA,2022-02-01 11:20:11,Servis Kulkas
TRX3306,UMKM423,income,1087000.0,,2022-08-09 11:20:11,Desain Undangan
TRX3307,UMKM423,income,1191000.0,Transfer BRI,2023-07-04 11:20:11,Editing Video
TRX3308,UMKM423,income,2285000.0,Dana,2021-12-31 11:20:11,Editing Video
TRX3315,UMKM425,expense,998000.0,,2022-04-25 21:05:48,Konsultasi Marketing
TRX3316,UMKM425,expense,2458000.0,Transfer BNI,2021-12-07 21:05:48,Servis AC Split
TRX3317,UMKM425,income,1690000.0,Gopay,2022-11-22 21:05:48,Paket Ulang Tahun
TRX3318,UMKM425,income,1553000.0,Gopay,2022-07-14 21:05:48,Paket Ulang Tahun
TRX3319,UMKM425,income,811000.0,Transfer BCA,2022-09-14 21:05:48,Servis Mesin Cuci
TRX3320,UMKM426,expense,95000.0,,2022-01-22 01:34:29,Kue Cubit
TRX3321,UMKM426,income,126000.0,Gopay,2023-03-15 01:34:29,Keripik Singkong Pedas
TRX3322,UMKM426,income,167000.0,-,2022-10-31 01:34:29,Keripik Singkong Pedas
TRX3323,UMKM426,expense,188000.0,Tunai,2023-06-09 01:34:29,Paket Prasmanan
TRX3324,UMKM426,income,19000.0,,2021-11-28 01:34:29,Mie Ayam Pangsit
TRX3325,UMKM426,expense,185000.0,Transfer BNI,2023-03-02 01:34:29,Opak Angin
TRX3326,UMKM426,expense,295000.0,,2022-01-28 01:34:29,
TRX3327,UMKM426,income,293000.0,Transfer BRI,2023-07-14 01:34:29,Jus Alpukat
TRX3328,UMKM426,income,77000.0,Transfer BRI,2023-01-03 01:34:29,Matcha Latte
TRX3329,UMKM426,income,293000.0,,2022-10-06 01:34:29,Keripik Singkong Pedas
TRX3330,UMKM426,expense,101000.0,Transfer BNI,2023-09-19 01:34:29,Gado-Gado
TRX3331,UMKM426,income,257000.0,,2023-04-03 01:34:29,Es Teh Manis
TRX3332,UMKM427,income,287000.0,Transfer BCA,2024-01-26 09:55:58,Abon Ikan
TRX3333,UMKM427,expense,168000.0,,2024-02-02 09:55:58,Pupuk Kompos
TRX3334,UMKM427,income,99000.0,,2023-03-11 09:55:58,Bibit Cabai Rawit
TRX3335,UMKM427,income,261000.0,Transfer BCA,2023-01-24 09:55:58,Bibit Cabai Rawit
TRX3336,UMKM427,income,29000.0,Transfer BRI,2023-03-26 09:55:58,Abon Ikan
TRX3337,UMKM428,expense,839000.0,,2022-10-02 10:23:26,Kamera IP CCTV
TRX3338,UMKM428,expense,560000.0,Tunai,2022-07-06 10:23:26,PC Rakitan
TRX3339,UMKM428,income,2005000.0,,2023-04-29 10:23:26,Website Company Profile
TRX3340,UMKM428,income,1892000.0,OVO,2022-09-29 10:23:26,App Mobile Android
TRX3341,UMKM428,expense,263000.0,Cash,2022-09-25 10:23:26,IT Support Bulanan
TRX3342,UMKM428,expense,4412000.0,Cash,2022-06-22 10:23:26,Sistem Irigasi Otomatis
TRX3343,UMKM428,expense,4015000.0,Tunai,2023-04-01 10:23:26,Aplikasi Absensi
TRX3344,UMKM428,expense,105000.0,Tunai,2022-09-05 10:23:26,PC Rakitan
TRX3345,UMKM429,expense,194000.0,Tunai,2022-01-25 20:52:07,Gelang Manik Handmade
TRX3346,UMKM429,income,494000.0,Dana,2023-04-09 20:52:07,Mainan Edukatif Kayu
TRX3347,UMKM429,income,339000.0,Gopay,2022-05-08 20:52:07,Bando Kain
TRX3348,UMKM429,income,128000.0,,2023-09-10 20:52:07,Mainan Edukatif Kayu
TRX3349,UMKM430,income,634000.0,,2024-01-30 22:24:56,Servis Laptop
TRX3350,UMKM430,income,1495000.0,Dana,2025-01-02 22:24:56,Servis AC Split
TRX3351,UMKM430,expense,826000.0,Tunai,2023-11-12 22:24:56,Desain Feed Instagram
TRX3352,UMKM430,income,1425000.0,Gopay,2025-03-05 22:24:56,Servis AC Split
TRX3353,UMKM430,expense,343000.0,Cash,2023-08-07 22:24:56,Servis HP
TRX3354,UMKM430,income,189000.0,Transfer BRI,2023-08-31 22:24:56,Servis Kulkas
TRX3355,UMKM430,expense,705000.0,,2024-06-18 22:24:56,
TRX3356,UMKM430,income,2502000.0,Pembayaran tunai,2025-03-11 22:24:56,Servis AC Split
TRX3357,UMKM431,expense,1260000.0,Transfer Mandiri,2025-08-28 08:52:15,Setup Server
TRX3358,UMKM431,income,1008000.0,Pembayaran tunai,2024-01-27 08:52:15,App Pemesanan Online
TRX3359,UMKM431,income,4411000.0,Dana,2025-05-15 08:52:15,App Pemesanan Online
TRX3360,UMKM431,income,3089000.0,Dana,2025-06-02 08:52:15,App Pemesanan Online
TRX3361,UMKM431,expense,694000.0,,2024-09-18 08:52:15,App Pemesanan Online
TRX3362,UMKM432,expense,216000.0,Cash,2025-05-24 22:30:26,Cermin Ukir
TRX3363,UMKM432,expense,385000.0,,2024-01-27 22:30:26,Cermin Ukir
TRX3364,UMKM432,income,364000.0,Gopay,2024-01-18 22:30:26,Bingkai Foto
TRX3365,UMKM432,income,227000.0,OVO,2025-09-14 22:30:26,Lampu Rotan
TRX3366,UMKM432,income,325000.0,,2025-08-26 22:30:26,Kaos Souvenir
TRX3367,UMKM432,income,76000.0,Transfer BRI,2024-05-11 22:30:26,Hiasan Dinding Batik
TRX3368,UMKM433,income,2857000.0,,2023-02-21 07:47:56,Website Company Profile
TRX3369,UMKM433,income,2572000.0,Transfer BCA,2024-02-15 07:47:56,Sistem ERP
TRX3370,UMKM433,income,2742000.0,Dana,2024-03-01 07:47:56,Sistem ERP
TRX3371,UMKM433,expense,1217000.0,Transfer Mandiri,2022-05-30 07:47:56,Monitoring Listrik IoT
TRX3372,UMKM433,expense,1390000.0,Cash,2023-09-15 07:47:56,Kamera IP CCTV
TRX3373,UMKM433,expense,3678000.0,,2022-06-27 07:47:56,Aplikasi Kasir UMKM
TRX3374,UMKM433,income,4091000.0,Transfer BRI,2022-09-08 07:47:56,
TRX3375,UMKM433,income,2699000.0,OVO,2023-03-21 07:47:56,Website Company Profile
TRX3376,UMKM433,income,1527000.0,,2023-04-24 07:47:56,Aplikasi Kasir UMKM
TRX3377,UMKM434,expense,774000.0,Tunai,2023-06-16 23:10:18,Heels Wanita
TRX3378,UMKM434,expense,625000.0,Transfer BNI,2023-04-14 23:10:18,Sepatu Sneakers
TRX3379,UMKM434,income,760000.0,Dana,2022-09-01 23:10:18,
TRX3380,UMKM434,expense,960000.0,Cash,2022-11-03 23:10:18,Celana Chino Pria
TRX3381,UMKM434,income,678000.0,Pembayaran tunai,2021-10-26 23:10:18,Celana Chino Pria
TRX3382,UMKM434,income,855000.0,,2023-07-23 23:10:18,Tunik Polos
TRX3383,UMKM434,income,415000.0,Gopay,2021-12-04 23:10:18,Tunik Polos
TRX3384,UMKM435,income,4157000.0,,2023-10-08 04:56:47,
TRX3385,UMKM435,expense,3372000.0,,2024-10-08 04:56:47,Sewa Gedung Event
TRX3386,UMKM435,expense,6699000.0,Cash,2023-05-29 04:56:47,Sewa Gedung Event
TRX3387,UMKM436,income,678000.0,,2022-05-11 06:58:31,Workshop Fotografi
TRX3388,UMKM436,income,1460000.0,OVO,2023-05-27 06:58:31,Buku Bisnis Online
TRX3389,UMKM436,income,653000.0,Gopay,2022-02-10 06:58:31,Workshop Fotografi
TRX3390,UMKM436,income,310000.0,Transfer BCA,2023-03-23 06:58:31,Buku Bisnis Online
TRX3391,UMKM437,income,115000.0,,2022-01-21 04:20:46,Pot Tanah Liat
TRX3392,UMKM437,income,398000.0,OVO,2022-06-22 04:20:46,
TRX3393,UMKM437,expense,25000.0,Transfer BNI,2023-02-13 04:20:46,Mainan Edukatif Kayu
TRX3394,UMKM437,income,384000.0,Transfer BRI,2021-10-11 04:20:46,Vas Bunga Keramik
TRX3395,UMKM438,income,636000.0,Dana,2025-01-30 09:44:04,Setelan Anak Lucu
TRX3396,UMKM438,expense,450000.0,Tunai,2024-08-27 09:44:04,Setelan Anak Lucu
TRX3397,UMKM438,expense,921000.0,Cash,2023-11-03 09:44:04,Cardigan Wanita
TRX3398,UMKM438,income,839000.0,Dana,2024-12-09 09:44:04,Setelan Anak Lucu
TRX3399,UMKM438,income,631000.0,Pembayaran tunai,2025-01-03 09:44:04,Setelan Anak Lucu
TRX3400,UMKM438,income,83000.0,Dana,2024-12-26 09:44:04,Setelan Anak Lucu
TRX3401,UMKM438,income,236000.0,Gopay,2024-03-25 09:44:04,Setelan Anak Lucu
TRX3402,UMKM439,income,172000.0,Transfer BCA,2024-07-20 15:51:57,Selai Nanas
TRX3403,UMKM439,income,123000.0,Transfer BRI,2023-12-21 15:51:57,Keripik Pisang
TRX3404,UMKM439,expense,299000.0,Tunai,2024-07-08 15:51:57,Kacang Tanah
TRX3405,UMKM440,income,68000.0,Dana,2022-08-21 13:44:31,Multivitamin Anak
TRX3406,UMKM440,expense,494000.0,Tunai,2023-05-13 13:44:31,
TRX3407,UMKM440,expense,269000.0,Transfer Mandiri,2021-12-14 13:44:31,Layanan Perawat Rumah
TRX3408,UMKM440,income,87000.0,,2021-08-06 13:44:31,
TRX3409,UMKM440,income,184000.0,OVO,2023-04-16 13:44:31,Multivitamin Anak
TRX3420,UMKM442,expense,1817000.0,Transfer Mandiri,2023-03-22 14:40:53,Website Company Profile
TRX3421,UMKM442,income,2144000.0,Dana,2024-05-17 14:40:53,Setup Server
TRX3422,UMKM442,expense,655000.0,Cash,2024-08-19 14:40:53,Platform E-commerce
TRX3423,UMKM442,expense,2971000.0,Transfer BNI,2024-10-02 14:40:53,App Mobile Android
TRX3424,UMKM442,expense,2202000.0,Transfer BNI,2023-12-20 14:40:53,Scanner Barcode
TRX3425,UMKM443,expense,1661000.0,,2022-08-28 19:39:41,Last Mile Delivery
TRX3426,UMKM443,expense,271000.0,Tunai,2022-01-31 19:39:41,Driver Harian
TRX3427,UMKM443,income,1525000.0,Transfer BCA,2021-11-22 19:39:41,Tune Up Mobil
TRX3428,UMKM443,expense,52000.0,Cash,2021-07-13 19:39:41,
TRX3429,UMKM443,income,148000.0,Transfer BCA,2021-03-20 19:39:41,Balancing Roda
TRX3430,UMKM444,expense,202000.0,,2022-10-28 08:31:34,Wedang Jahe
TRX3431,UMKM444,expense,229000.0,Transfer BNI,2021-06-20 08:31:34,Basreng Kering
TRX3432,UMKM444,expense,219000.0,,2021-05-02 08:31:34,Bakso Mercon
TRX3433,UMKM444,expense,90000.0,,2021-12-18 08:31:34,Cireng Isi
TRX3434,UMKM444,expense,216000.0,Transfer Mandiri,2022-04-29 08:31:34,
TRX3435,UMKM444,expense,257000.0,,2021-06-14 08:31:34,Teh Tarik
TRX3436,UMKM444,expense,198000.0,Transfer Mandiri,2021-07-24 08:31:34,
TRX3437,UMKM444,expense,184000.0,Transfer Mandiri,2022-03-29 08:31:34,Es Boba
TRX3438,UMKM444,expense,284000.0,Transfer BNI,2022-09-22 08:31:34,Pudding Coklat
TRX3439,UMKM444,income,197000.0,Gopay,2021-05-26 08:31:34,Catering Pernikahan
TRX3440,UMKM444,expense,56000.0,Tunai,2022-10-07 08:31:34,Pudding Coklat
TRX3441,UMKM444,expense,250000.0,Transfer BNI,2022-09-17 08:31:34,Paket Nasi Box
TRX3442,UMKM444,income,300000.0,Transfer BRI,2021-08-24 08:31:34,Opak Angin
TRX3443,UMKM444,expense,120000.0,Cash,2022-07-25 08:31:34,Wedang Jahe
TRX3444,UMKM444,income,88000.0,,2022-07-03 08:31:34,Paket Nasi Box
TRX3445,UMKM445,expense,974000.0,,2023-03-02 05:13:12,Buku Motivasi
TRX3446,UMKM445,expense,200000.0,,2021-09-27 05:13:12,Buku Motivasi
TRX3447,UMKM445,expense,118000.0,Transfer Mandiri,2021-08-01 05:13:12,Pelatihan Sales
TRX3448,UMKM445,income,653000.0,Pembayaran tunai,2021-06-19 05:13:12,Pelatihan Barista
TRX3449,UMKM445,expense,91000.0,Transfer Mandiri,2021-07-08 05:13:12,Kursus Python Pemula
TRX3450,UMKM446,income,173000.0,Pembayaran tunai,2022-02-05 09:09:14,Pupuk Kompos
TRX3451,UMKM446,income,143000.0,,2021-10-05 09:09:14,Pupuk Kompos
TRX3452,UMKM446,income,63000.0,Transfer BCA,2022-03-08 09:09:14,Pupuk Kompos
TRX3453,UMKM446,expense,47000.0,Tunai,2021-12-01 09:09:14,Pupuk NPK Mutiara
TRX3454,UMKM447,income,180000.0,Transfer BRI,2023-01-28 16:54:53,Es Krim Lokal
TRX3455,UMKM447,income,92000.0,Pembayaran tunai,2023-01-30 16:54:53,Es Krim Lokal
TRX3456,UMKM447,expense,197000.0,Cash,2022-11-01 16:54:53,Snack Box Meeting
TRX3457,UMKM447,income,87000.0,Transfer BCA,2022-11-03 16:54:53,
TRX3458,UMKM447,expense,43000.0,Transfer Mandiri,2023-02-20 16:54:53,
TRX3459,UMKM447,income,285000.0,Pembayaran tunai,2023-10-09 16:54:53,Es Krim Lokal
TRX3460,UMKM447,income,52000.0,Transfer BCA,2023-07-21 16:54:53,Es Krim Lokal
TRX3461,UMKM447,expense,178000.0,,2024-06-05 16:54:53,Kopi Susu
TRX3462,UMKM447,income,252000.0,Transfer BRI,2023-10-08 16:54:53,Makaroni Goreng
TRX3463,UMKM447,income,20000.0,Transfer BCA,2023-12-12 16:54:53,Seblak Kering
TRX3464,UMKM447,expense,225000.0,Transfer BNI,2022-11-09 16:54:53,Klepon
TRX3465,UMKM447,expense,89000.0,Transfer Mandiri,2023-06-04 16:54:53,Catering Pernikahan
TRX3466,UMKM447,income,227000.0,Gopay,2024-01-26 16:54:53,Seblak Kering
TRX3467,UMKM447,income,85000.0,Dana,2023-04-07 16:54:53,Es Krim Lokal
TRX3468,UMKM447,income,32000.0,Gopay,2022-10-19 16:54:53,Pudding Coklat
TRX3469,UMKM447,income,56000.0,,2023-03-13 16:54:53,
TRX3470,UMKM448,expense,184000.0,Transfer BNI,2022-10-28 13:04:50,Kunyit Asam
TRX3471,UMKM448,expense,120000.0,Transfer BNI,2024-04-05 13:04:50,Jamu Beras Kencur
TRX3472,UMKM448,income,112000.0,Gopay,2024-04-10 13:04:50,Layanan Perawat Rumah
TRX3473,UMKM448,income,224000.0,,2024-04-10 13:04:50,Pijat Tradisional
TRX3474,UMKM448,income,371000.0,Gopay,2023-03-18 13:04:50,Pijat Tradisional
TRX3475,UMKM449,income,288000.0,Dana,2024-07-16 05:31:01,Lontong Sayur
TRX3476,UMKM449,income,281000.0,-,2025-01-14 05:31:01,Dadar Gulung
TRX3477,UMKM449,income,140000.0,Gopay,2025-06-01 05:31:01,Klepon
TRX3478,UMKM449,expense,149000.0,Tunai,2025-02-01 05:31:01,Teh Tarik
TRX3479,UMKM449,income,157000.0,Pembayaran tunai,2025-09-08 05:31:01,Opak Angin
TRX3480,UMKM449,income,126000.0,Gopay,2024-03-22 05:31:01,Dadar Gulung
TRX3481,UMKM449,income,54000.0,Pembayaran tunai,2025-03-10 05:31:01,Lontong Sayur
TRX3483,UMKM449,income,206000.0,,2024-09-01 05:31:01,Opak Angin
TRX3484,UMKM449,income,297000.0,,2024-02-19 05:31:01,Opak Angin
TRX3485,UMKM449,income,286000.0,Dana,2025-04-18 05:31:01,Klepon
TRX3486,UMKM449,expense,256000.0,,2024-11-05 05:31:01,Brownies Kukus
TRX3487,UMKM449,income,83000.0,,2024-09-09 05:31:01,Klepon
TRX3488,UMKM449,expense,32000.0,Cash,2025-01-20 05:31:01,Catering Kantor
TRX3489,UMKM449,income,189000.0,Transfer BCA,2024-12-18 05:31:01,Cireng Isi
TRX3490,UMKM449,expense,6000.0,,2025-01-11 05:31:01,Risol Mayo
TRX3503,UMKM451,income,224000.0,Dana,2023-09-27 11:46:42,Jaket Anak
TRX3504,UMKM451,expense,703000.0,Tunai,2023-01-21 11:46:42,Polo Shirt Pria
TRX3505,UMKM451,expense,348000.0,,2023-06-09 11:46:42,Sweater Pria
TRX3506,UMKM451,income,133000.0,OVO,2023-04-08 11:46:42,Jaket Anak
TRX3507,UMKM451,expense,534000.0,,2023-01-12 11:46:42,Gelang Perak
TRX3508,UMKM451,income,914000.0,OVO,2023-07-09 11:46:42,Polo Shirt Pria
TRX3509,UMKM451,expense,168000.0,,2023-11-24 11:46:42,Celana Pendek Anak
TRX3510,UMKM452,income,365000.0,,2023-11-14 18:29:49,Tas Kulit Mini
TRX3511,UMKM452,income,853000.0,Pembayaran tunai,2023-06-26 18:29:49,Tas Kulit Mini
TRX3512,UMKM452,income,457000.0,,2022-11-12 18:29:49,Tas Kulit Mini
TRX3513,UMKM452,income,532000.0,Dana,2023-08-05 18:29:49,Tas Kulit Mini
TRX3514,UMKM452,expense,550000.0,Cash,2022-05-30 18:29:49,Sepatu Formal Pria
TRX3515,UMKM452,income,966000.0,-,2023-11-08 18:29:49,
TRX3516,UMKM452,expense,726000.0,Cash,2022-10-16 18:29:49,Polo Shirt Pria
TRX3517,UMKM452,expense,321000.0,Transfer Mandiri,2022-06-13 18:29:49,Sweater Pria
TRX3518,UMKM453,expense,71000.0,,2022-07-16 07:09:11,Mug Foto
TRX3519,UMKM453,expense,353000.0,,2023-05-24 07:09:11,Jam Dinding Kayu
TRX3520,UMKM453,expense,303000.0,Transfer BNI,2021-12-25 07:09:11,Cermin Ukir
TRX3536,UMKM455,income,36000.0,Transfer BCA,2025-06-14 15:02:10,Bakso Mercon
TRX3537,UMKM455,income,82000.0,,2024-07-19 15:02:10,Bakso Mercon
TRX3538,UMKM455,expense,54000.0,-,2024-11-01 15:02:10,Seblak Kering
TRX3539,UMKM455,income,48000.0,Transfer BRI,2023-07-28 15:02:10,Snack Box Meeting
TRX3540,UMKM455,income,181000.0,Gopay,2023-11-02 15:02:10,Snack Box Meeting
TRX3541,UMKM455,income,282000.0,Transfer BCA,2024-02-01 15:02:10,
TRX3542,UMKM455,expense,216000.0,Tunai,2024-01-11 15:02:10,
TRX3543,UMKM455,expense,121000.0,Transfer Mandiri,2024-01-14 15:02:10,Matcha Latte
TRX3544,UMKM455,income,288000.0,Transfer BRI,2024-04-03 15:02:10,Bakso Mercon
TRX3545,UMKM455,income,36000.0,Pembayaran tunai,2024-09-30 15:02:10,Catering Pernikahan
TRX3546,UMKM455,income,203000.0,OVO,2024-12-08 15:02:10,Bakso Mercon
TRX3547,UMKM455,income,272000.0,Transfer BCA,2024-10-11 15:02:10,Catering Pernikahan
TRX3548,UMKM455,income,219000.0,Transfer BCA,2024-08-15 15:02:10,Snack Box Meeting
TRX3549,UMKM456,income,1146000.0,,2023-02-23 21:32:21,Paket Wisata Bali
TRX3550,UMKM456,income,1457000.0,Transfer BCA,2024-05-03 21:32:21,Tune Up Mobil
TRX3551,UMKM456,income,1825000.0,,2024-05-24 21:32:21,Sewa Minibus
TRX3552,UMKM456,income,1967000.0,Transfer BRI,2024-04-21 21:32:21,Paket Wisata Bali
TRX3553,UMKM457,expense,1022000.0,Transfer Mandiri,2021-11-14 16:23:10,
TRX3554,UMKM457,income,1222000.0,OVO,2021-09-27 16:23:10,Antar Jemput Sekolah
TRX3555,UMKM457,income,1855000.0,,2022-06-24 16:23:10,Cuci Mobil
TRX3556,UMKM457,expense,532000.0,Cash,2022-06-12 16:23:10,
TRX3557,UMKM457,income,1025000.0,,2022-07-18 16:23:10,Balancing Roda
TRX3558,UMKM457,income,662000.0,Gopay,2022-01-23 16:23:10,Ganti Oli Motor
TRX3559,UMKM457,expense,211000.0,Transfer Mandiri,2021-11-11 16:23:10,Antar Jemput Bandara
TRX3570,UMKM459,expense,402000.0,,2023-02-27 00:25:21,Pulse Oximeter
TRX3571,UMKM459,income,244000.0,OVO,2022-02-28 00:25:21,Facial Wajah
TRX3572,UMKM459,income,103000.0,Transfer BCA,2023-10-13 00:25:21,Facial Wajah
TRX3573,UMKM460,income,221000.0,,2024-05-25 10:38:31,Kalung Emas Muda
TRX3574,UMKM460,income,266000.0,Dana,2023-01-09 10:38:31,Setelan Anak Lucu
TRX3575,UMKM460,expense,877000.0,Transfer Mandiri,2023-05-02 10:38:31,Kaos Polos Pria
TRX3576,UMKM460,income,247000.0,,2024-06-11 10:38:31,Setelan Anak Lucu
TRX3577,UMKM460,expense,179000.0,Transfer BNI,2022-12-07 10:38:31,Polo Shirt Pria
TRX3578,UMKM460,income,93000.0,Pembayaran tunai,2023-02-09 10:38:31,Sandal Casual
TRX3579,UMKM460,expense,483000.0,Transfer BNI,2024-01-30 10:38:31,Dress Casual
TRX3580,UMKM460,income,130000.0,Dana,2024-02-22 10:38:31,
TRX3581,UMKM460,income,749000.0,Pembayaran tunai,2023-02-04 10:38:31,Sandal Casual
TRX3582,UMKM461,income,495000.0,,2023-02-28 01:26:18,Dress Anak Pesta
TRX3583,UMKM461,income,256000.0,Transfer BRI,2023-03-13 01:26:18,Jaket Bomber Pria
TRX3584,UMKM461,expense,892000.0,Transfer Mandiri,2023-04-25 01:26:18,Kaos Anak Motif
TRX3585,UMKM461,expense,692000.0,,2022-11-24 01:26:18,Sepatu Formal Pria
TRX3586,UMKM461,expense,201000.0,Transfer BNI,2023-06-06 01:26:18,Topi Baseball
TRX3587,UMKM461,income,904000.0,Transfer BRI,2023-05-30 01:26:18,Jaket Bomber Pria
TRX3588,UMKM461,expense,659000.0,Transfer Mandiri,2023-05-02 01:26:18,Jaket Anak
TRX3589,UMKM461,income,314000.0,Dana,2023-04-28 01:26:18,Dress Anak Pesta
TRX3590,UMKM461,income,377000.0,Pembayaran tunai,2022-06-10 01:26:18,Dress Anak Pesta
TRX3591,UMKM462,income,374000.0,Transfer BCA,2022-06-26 00:42:55,Paket Ulang Tahun
TRX3592,UMKM462,expense,456000.0,,2023-01-28 00:42:55,
TRX3593,UMKM462,income,1689000.0,Pembayaran tunai,2024-02-29 00:42:55,Paket Ulang Tahun
TRX3594,UMKM462,income,2378000.0,Pembayaran tunai,2022-11-19 00:42:55,Event Launching Produk
TRX3595,UMKM462,income,1727000.0,Pembayaran tunai,2023-11-08 00:42:55,Paket Ulang Tahun
TRX3596,UMKM463,expense,297000.0,Transfer BNI,2025-07-13 16:15:32,Konsultasi Dokter
TRX3597,UMKM463,expense,181000.0,Cash,2024-08-20 16:15:32,Cek Gula Darah
TRX3598,UMKM463,expense,453000.0,Cash,2025-06-23 16:15:32,Paket Spa Relaksasi
TRX3599,UMKM463,expense,156000.0,Cash,2025-07-15 16:15:32,Nebulizer
TRX3600,UMKM463,expense,281000.0,Transfer Mandiri,2025-04-27 16:15:32,Kursi Roda Lipat
TRX3601,UMKM463,expense,249000.0,Transfer Mandiri,2025-06-25 16:15:32,Pijat Tradisional
TRX3602,UMKM464,income,702000.0,Transfer BCA,2024-01-25 15:25:09,Kost Putra AC
TRX3603,UMKM465,expense,1484000.0,Transfer BNI,2021-10-28 05:49:23,Kursus Desain Canva
TRX3604,UMKM465,expense,1326000.0,Transfer Mandiri,2023-06-20 05:49:23,Buku Resep Masakan
TRX3605,UMKM465,expense,1253000.0,Transfer BNI,2022-01-28 05:49:23,Kursus Menjahit
TRX3606,UMKM465,expense,1120000.0,Transfer Mandiri,2022-11-10 05:49:23,Pelatihan Barista
TRX3607,UMKM465,income,909000.0,Gopay,2023-03-26 05:49:23,Bimbel SBMPTN
TRX3608,UMKM465,income,280000.0,Dana,2023-03-13 05:49:23,Buku Bisnis Online
TRX3609,UMKM465,expense,898000.0,,2022-02-10 05:49:23,Pelatihan Leadership
TRX3610,UMKM466,income,712000.0,Transfer BRI,2023-01-30 00:32:19,Seminar Nasional
TRX3611,UMKM466,income,707000.0,Pembayaran tunai,2024-08-05 00:32:19,
TRX3612,UMKM466,expense,2420000.0,Tunai,2023-06-25 00:32:19,Konsultasi Pajak
TRX3613,UMKM466,income,2508000.0,Gopay,2023-12-10 00:32:19,Seminar Nasional
TRX3614,UMKM466,income,2486000.0,OVO,2024-07-15 00:32:19,Paket Ulang Tahun
TRX3615,UMKM466,income,510000.0,,2024-04-05 00:32:19,Seminar Nasional
TRX3616,UMKM466,income,532000.0,Pembayaran tunai,2022-10-16 00:32:19,Seminar Nasional
TRX3617,UMKM467,income,293000.0,,2023-08-01 01:05:48,Gado-Gado
TRX3618,UMKM467,income,56000.0,Gopay,2023-11-24 01:05:48,Gado-Gado
TRX3619,UMKM467,income,151000.0,Transfer BCA,2023-10-26 01:05:48,Gado-Gado
TRX3620,UMKM467,expense,279000.0,Transfer BNI,2024-03-26 01:05:48,Paket Prasmanan
TRX3621,UMKM467,income,181000.0,Gopay,2023-11-18 01:05:48,Klepon
TRX3622,UMKM467,expense,215000.0,Transfer BNI,2022-09-06 01:05:48,Kue Cubit
TRX3623,UMKM467,income,140000.0,Dana,2023-10-08 01:05:48,Gado-Gado
TRX3624,UMKM467,expense,201000.0,Tunai,2022-09-09 01:05:48,Kopi Susu
TRX3625,UMKM467,income,253000.0,Transfer BRI,2024-01-30 01:05:48,Klepon
TRX3626,UMKM467,income,297000.0,Pembayaran tunai,2022-10-19 01:05:48,Klepon
TRX3630,UMKM469,income,614000.0,Transfer BCA,2024-05-23 18:53:44,Pelatihan Barista
TRX3631,UMKM469,income,875000.0,Transfer BCA,2024-08-14 18:53:44,Kursus Menjahit
TRX3632,UMKM469,expense,344000.0,Transfer BNI,2024-08-27 18:53:44,Bimbel Bahasa Inggris
TRX3633,UMKM469,income,1316000.0,-,2023-11-07 18:53:44,Bimbel Bahasa Inggris
TRX3634,UMKM469,income,1296000.0,Transfer BRI,2025-06-06 18:53:44,Bimbel Bahasa Inggris
TRX3635,UMKM469,income,1444000.0,Transfer BRI,2025-01-21 18:53:44,Buku Motivasi
TRX3636,UMKM470,expense,1470000.0,Transfer BNI,2024-04-17 01:29:23,Kursus Memasak
TRX3637,UMKM470,expense,872000.0,,2025-04-29 01:29:23,Buku Resep Masakan
TRX3638,UMKM470,income,129000.0,Transfer BCA,2025-01-17 01:29:23,Buku Motivasi
TRX3639,UMKM470,income,860000.0,Transfer BRI,2025-03-10 01:29:23,Buku Motivasi
TRX3640,UMKM470,income,728000.0,OVO,2025-05-29 01:29:23,Bimbel SBMPTN
TRX3641,UMKM471,income,2046000.0,Dana,2024-03-06 23:40:07,Maintenance Jaringan
TRX3642,UMKM471,expense,503000.0,,2022-12-06 23:40:07,App Pemesanan Online
TRX3643,UMKM471,income,3992000.0,Gopay,2023-08-27 23:40:07,Printer Thermal
TRX3644,UMKM471,income,2300000.0,Gopay,2023-07-16 23:40:07,Platform E-commerce
TRX3645,UMKM471,income,3151000.0,OVO,2022-10-06 23:40:07,Monitoring Listrik IoT
TRX3646,UMKM471,income,265000.0,Transfer BCA,2023-05-13 23:40:07,Sistem Irigasi Otomatis
TRX3647,UMKM471,expense,2867000.0,Cash,2023-03-13 23:40:07,App Mobile Android
TRX3648,UMKM472,income,165000.0,Pembayaran tunai,2021-08-19 05:51:53,Pupuk NPK Mutiara
TRX3649,UMKM472,income,169000.0,Dana,2021-11-07 05:51:53,Pupuk Urea 50kg
TRX3650,UMKM472,expense,153000.0,,2022-04-19 05:51:53,Cangkul Baja
TRX3651,UMKM472,income,261000.0,Pembayaran tunai,2021-11-27 05:51:53,Pupuk NPK Mutiara
TRX3652,UMKM473,expense,55000.0,,2024-02-01 21:43:20,Wedang Jahe
TRX3653,UMKM473,expense,121000.0,Transfer Mandiri,2025-01-11 21:43:20,Basreng Kering
TRX3654,UMKM473,expense,73000.0,,2024-03-08 21:43:20,
TRX3655,UMKM473,expense,158000.0,Transfer Mandiri,2025-04-01 21:43:20,Kue Cubit
TRX3656,UMKM473,income,231000.0,,2025-06-27 21:43:20,Paket Prasmanan
TRX3657,UMKM473,income,169000.0,Transfer BRI,2025-06-27 21:43:20,Seblak Kering
TRX3658,UMKM473,expense,142000.0,Transfer BNI,2025-04-11 21:43:20,Kopi Susu
TRX3659,UMKM473,income,218000.0,Dana,2024-11-28 21:43:20,Snack Box Meeting
TRX3660,UMKM473,expense,50000.0,Transfer BNI,2024-01-17 21:43:20,Pecel Lele
TRX3661,UMKM473,income,101000.0,Transfer BCA,2024-08-10 21:43:20,Catering Kantor
TRX3662,UMKM473,income,231000.0,,2024-09-27 21:43:20,Paket Prasmanan
TRX3663,UMKM473,income,113000.0,OVO,2024-12-01 21:43:20,Dadar Gulung
TRX3664,UMKM473,expense,213000.0,,2023-10-10 21:43:20,Paket Nasi Box
TRX3665,UMKM473,income,253000.0,Gopay,2024-09-01 21:43:20,Dadar Gulung
TRX3666,UMKM473,income,269000.0,Transfer BRI,2023-11-28 21:43:20,Dadar Gulung
TRX3667,UMKM473,income,196000.0,Dana,2024-09-10 21:43:20,Paket Prasmanan
TRX3668,UMKM473,expense,33000.0,Cash,2025-04-14 21:43:20,Rendang Padang
TRX3669,UMKM474,expense,2210000.0,,2022-10-06 17:12:42,Paket Pernikahan
TRX3670,UMKM474,expense,751000.0,,2023-08-22 17:12:42,Konsultasi Pajak
TRX3671,UMKM474,income,368000.0,Pembayaran tunai,2023-10-31 17:12:42,Voice Over
TRX3672,UMKM474,income,1374000.0,Transfer BRI,2022-04-06 17:12:42,Servis Kulkas
TRX3673,UMKM474,expense,2175000.0,Cash,2023-03-11 17:12:42,
TRX3674,UMKM474,income,1752000.0,Dana,2022-07-13 17:12:42,Voice Over
TRX3675,UMKM474,income,655000.0,Pembayaran tunai,2023-06-09 17:12:42,Penerjemah Dokumen
TRX3676,UMKM474,income,2247000.0,Transfer BRI,2023-12-21 17:12:42,Voice Over
TRX3677,UMKM474,expense,2429000.0,Transfer Mandiri,2023-07-01 17:12:42,Paket Ulang Tahun
TRX3678,UMKM475,income,39000.0,Gopay,2023-04-11 16:31:23,Gantungan Kunci Custom
TRX3679,UMKM475,income,113000.0,,2022-08-01 16:31:23,Kursi Pallet Bekas
TRX3680,UMKM475,expense,123000.0,,2022-11-02 16:31:23,Kalung Macrame
TRX3681,UMKM475,expense,473000.0,Cash,2022-07-21 16:31:23,Hiasan Koran Daur Ulang
TRX3682,UMKM475,expense,451000.0,,2024-05-18 16:31:23,Mainan Edukatif Kayu
TRX3683,UMKM476,income,107000.0,Pembayaran tunai,2023-05-29 07:52:17,Gado-Gado
TRX3684,UMKM476,income,34000.0,Gopay,2024-03-28 07:52:17,Es Teh Manis
TRX3685,UMKM476,income,132000.0,Transfer BRI,2024-06-23 07:52:17,Opak Angin
TRX3686,UMKM476,income,21000.0,Pembayaran tunai,2023-06-19 07:52:17,Rendang Padang
TRX3687,UMKM476,income,238000.0,OVO,2024-01-07 07:52:17,Rendang Padang
TRX3688,UMKM476,income,30000.0,OVO,2024-10-28 07:52:17,Mie Ayam Pangsit
TRX3689,UMKM476,expense,189000.0,Transfer Mandiri,2023-04-22 07:52:17,Mie Ayam Pangsit
TRX3690,UMKM476,income,106000.0,Gopay,2024-11-13 07:52:17,Opak Angin
TRX3691,UMKM476,income,145000.0,,2024-10-09 07:52:17,Rendang Padang
TRX3692,UMKM476,income,193000.0,Dana,2023-05-28 07:52:17,Gado-Gado
TRX3693,UMKM476,expense,242000.0,,2024-09-11 07:52:17,Es Teh Manis
TRX3694,UMKM476,expense,263000.0,,2023-06-29 07:52:17,Pecel Lele
TRX3695,UMKM476,expense,208000.0,Transfer Mandiri,2023-05-19 07:52:17,Bakso Mercon
TRX3696,UMKM476,expense,68000.0,Transfer BNI,2024-08-18 07:52:17,Opak Angin
TRX3697,UMKM477,expense,350000.0,Transfer Mandiri,2023-06-19 00:26:07,
TRX3698,UMKM477,income,2081000.0,Pembayaran tunai,2023-02-05 00:26:07,Aplikasi Inventory
TRX3699,UMKM477,expense,3151000.0,Transfer BNI,2024-09-01 00:26:07,Printer Thermal
TRX3700,UMKM477,expense,4104000.0,Cash,2023-11-02 00:26:07,Pembuatan Website
TRX3701,UMKM477,income,4966000.0,,2024-02-23 00:26:07,App Mobile Android
TRX3702,UMKM477,income,3754000.0,Gopay,2024-02-04 00:26:07,Kamera IP CCTV
TRX3703,UMKM477,expense,1554000.0,Cash,2023-03-01 00:26:07,Monitoring Listrik IoT
TRX3704,UMKM478,expense,941000.0,Tunai,2023-12-11 02:21:48,
TRX3705,UMKM478,expense,535000.0,,2023-02-06 02:21:48,Jaket Bomber Pria
TRX3706,UMKM478,income,650000.0,Dana,2022-12-04 02:21:48,Celana Kulot
TRX3707,UMKM478,expense,614000.0,,2023-02-14 02:21:48,Celana Chino Pria
TRX3708,UMKM478,expense,408000.0,,2023-01-30 02:21:48,Gelang Perak
TRX3709,UMKM478,income,402000.0,Transfer BCA,2023-12-23 02:21:48,
TRX3710,UMKM478,income,217000.0,,2022-05-03 02:21:48,Celana Kulot
TRX3711,UMKM479,income,1765000.0,Transfer BCA,2023-05-28 18:18:33,Tune Up Mobil
TRX3712,UMKM479,expense,1881000.0,,2023-02-06 18:18:33,Tune Up Mobil
TRX3713,UMKM479,expense,579000.0,,2023-07-25 18:18:33,
TRX3714,UMKM479,income,1583000.0,Transfer BCA,2021-12-10 18:18:33,Tune Up Mobil
TRX3715,UMKM479,expense,1751000.0,Cash,2022-04-25 18:18:33,Sewa Truk
TRX3716,UMKM480,income,2921000.0,OVO,2024-01-31 15:18:30,Konsultasi Pajak
TRX3717,UMKM480,income,470000.0,,2023-12-18 15:18:30,Konsultasi Bisnis
TRX3718,UMKM480,income,1267000.0,,2024-10-24 15:18:30,Seminar Nasional
TRX3719,UMKM480,income,212000.0,Pembayaran tunai,2024-05-29 15:18:30,Seminar Nasional
TRX3720,UMKM480,income,1683000.0,OVO,2023-10-25 15:18:30,
TRX3721,UMKM480,income,303000.0,Gopay,2024-01-02 15:18:30,Konsultasi Pajak
TRX3722,UMKM481,expense,383000.0,Tunai,2023-05-04 01:06:53,Jasa Titip Belanja
TRX3723,UMKM481,income,1798000.0,Gopay,2024-12-26 01:06:53,Last Mile Delivery
TRX3724,UMKM481,income,1221000.0,Transfer BCA,2024-12-23 01:06:53,Last Mile Delivery
TRX3725,UMKM481,income,1647000.0,Transfer BRI,2024-03-26 01:06:53,Sewa Truk
TRX3726,UMKM481,income,488000.0,,2024-06-16 01:06:53,Sewa Truk
TRX3736,UMKM483,expense,15000.0,Transfer Mandiri,2024-03-21 04:19:36,Cireng Isi
TRX3737,UMKM483,income,9000.0,Pembayaran tunai,2023-06-09 04:19:36,Pudding Coklat
TRX3738,UMKM483,income,247000.0,Transfer BRI,2024-09-04 04:19:36,Pudding Coklat
TRX3739,UMKM483,expense,72000.0,Transfer BNI,2024-02-02 04:19:36,
TRX3740,UMKM483,income,93000.0,Dana,2024-02-27 04:19:36,Mie Ayam Pangsit
TRX3741,UMKM483,expense,9000.0,Transfer BNI,2024-01-06 04:19:36,
TRX3742,UMKM483,income,119000.0,,2024-05-10 04:19:36,Mie Ayam Pangsit
TRX3743,UMKM483,income,134000.0,,2025-01-13 04:19:36,Mie Ayam Pangsit
TRX3744,UMKM483,income,161000.0,Gopay,2024-02-14 04:19:36,Pudding Coklat
TRX3745,UMKM483,expense,145000.0,,2023-06-13 04:19:36,Paket Prasmanan
TRX3746,UMKM483,income,221000.0,Pembayaran tunai,2023-05-11 04:19:36,Pudding Coklat
TRX3747,UMKM483,expense,197000.0,Transfer Mandiri,2023-10-20 04:19:36,Risol Mayo
TRX3748,UMKM483,expense,183000.0,,2023-11-17 04:19:36,Paket Nasi Box
TRX3749,UMKM483,income,240000.0,Dana,2025-03-19 04:19:36,Pudding Coklat
TRX3750,UMKM483,income,134000.0,Transfer BCA,2025-02-26 04:19:36,
TRX3751,UMKM483,expense,116000.0,Transfer Mandiri,2024-11-04 04:19:36,Lontong Sayur
TRX3752,UMKM483,expense,243000.0,Tunai,2023-09-25 04:19:36,Bolu Kukus
TRX3753,UMKM483,income,159000.0,Gopay,2023-09-04 04:19:36,Pudding Coklat
TRX3754,UMKM484,income,276000.0,Dana,2022-09-07 11:14:18,Traktor Mini
TRX3755,UMKM484,expense,213000.0,Transfer Mandiri,2022-09-27 11:14:18,
TRX3756,UMKM484,income,62000.0,Pembayaran tunai,2022-08-08 11:14:18,Kacang Tanah
TRX3757,UMKM484,expense,13000.0,Cash,2023-02-27 11:14:18,Beras Premium 5kg
TRX3758,UMKM484,expense,271000.0,Transfer Mandiri,2022-12-31 11:14:18,Bibit Padi Ciherang
TRX3759,UMKM484,income,201000.0,Dana,2022-05-26 11:14:18,Abon Ikan
TRX3760,UMKM485,income,4699000.0,Transfer BRI,2025-02-25 18:15:42,
TRX3761,UMKM485,income,4964000.0,Transfer BCA,2025-07-14 18:15:42,Software Akuntansi
TRX3762,UMKM485,income,2415000.0,Dana,2024-02-15 18:15:42,Maintenance Jaringan
TRX3764,UMKM486,income,375000.0,Dana,2023-11-28 09:16:20,Mainan Edukatif Kayu
TRX3765,UMKM486,income,80000.0,Gopay,2023-06-26 09:16:20,Jam Dinding Kayu
TRX3766,UMKM486,income,271000.0,,2023-10-08 09:16:20,Kotak Perhiasan Kayu
TRX3767,UMKM486,income,57000.0,OVO,2024-10-31 09:16:20,Miniatur Rumah Kayu
TRX3768,UMKM486,income,197000.0,Transfer BCA,2023-12-19 09:16:20,Jam Dinding Kayu
TRX3769,UMKM486,expense,166000.0,,2023-07-14 09:16:20,Cermin Ukir
TRX3770,UMKM487,expense,2723000.0,,2024-06-05 15:09:23,Event Launching Produk
TRX3771,UMKM487,expense,1431000.0,,2023-05-06 15:09:23,Desain Banner
TRX3772,UMKM487,income,1234000.0,Dana,2024-02-20 15:09:23,Servis Mesin Cuci
TRX3773,UMKM487,expense,1169000.0,Transfer BNI,2023-03-06 15:09:23,Gathering Perusahaan
TRX3774,UMKM487,income,2787000.0,OVO,2024-04-12 15:09:23,Event Launching Produk
TRX3775,UMKM487,expense,2768000.0,Transfer BNI,2024-12-21 15:09:23,Konsultasi Marketing
TRX3776,UMKM487,expense,1323000.0,Cash,2023-04-10 15:09:23,Penulisan Artikel SEO
TRX3777,UMKM487,expense,871000.0,Tunai,2024-10-02 15:09:23,Penulisan Artikel SEO
TRX3778,UMKM487,income,714000.0,Transfer BCA,2023-02-25 15:09:23,Desain Logo
TRX3779,UMKM487,income,2218000.0,Gopay,2023-05-20 15:09:23,Servis Laptop
TRX3780,UMKM488,income,2068000.0,,2021-08-23 23:35:45,Maintenance Jaringan
TRX3781,UMKM488,income,565000.0,Dana,2022-04-19 23:35:45,Instalasi CCTV
TRX3782,UMKM488,expense,3410000.0,,2022-06-17 23:35:45,Smart Lock Pintu
TRX3783,UMKM488,income,2718000.0,Transfer BCA,2022-04-20 23:35:45,Laptop Refurbished
TRX3784,UMKM488,expense,1246000.0,Tunai,2022-03-15 23:35:45,Aplikasi Kasir UMKM
TRX3785,UMKM488,income,308000.0,Transfer BCA,2021-09-30 23:35:45,Scanner Barcode
TRX3786,UMKM489,expense,360000.0,Transfer BNI,2023-06-14 03:58:14,Kotak Perhiasan Kayu
TRX3787,UMKM489,income,279000.0,,2023-11-27 03:58:14,Mainan Edukatif Kayu
TRX3788,UMKM489,income,176000.0,Transfer BCA,2024-09-18 03:58:14,Mug Foto
TRX3789,UMKM489,expense,157000.0,Cash,2023-05-06 03:58:14,Gantungan Kunci Custom
TRX3790,UMKM489,income,489000.0,,2024-04-07 03:58:14,Mug Foto
TRX3791,UMKM489,expense,239000.0,Transfer Mandiri,2024-04-15 03:58:14,
TRX3792,UMKM490,expense,3414000.0,Tunai,2022-03-17 11:33:08,Website Company Profile
TRX3793,UMKM490,income,3280000.0,,2022-05-10 11:33:08,Website Company Profile
TRX3794,UMKM490,income,389000.0,,2022-10-05 11:33:08,Platform E-commerce
TRX3795,UMKM490,expense,4876000.0,,2023-05-28 11:33:08,Pembuatan Website
TRX3796,UMKM490,income,4786000.0,OVO,2023-08-01 11:33:08,Platform E-commerce
TRX3797,UMKM490,income,1655000.0,Transfer BCA,2022-06-03 11:33:08,Instalasi CCTV
TRX3798,UMKM490,income,2911000.0,,2023-01-28 11:33:08,Sistem ERP
TRX3809,UMKM492,income,6373000.0,,2021-07-30 18:03:03,Sewa Kios Pasar
TRX3810,UMKM492,expense,8811000.0,Cash,2022-09-19 18:03:03,Cat Ulang Rumah
TRX3811,UMKM493,expense,664000.0,Transfer Mandiri,2025-10-21 02:51:14,Les Privat Matematika
TRX3812,UMKM493,income,398000.0,OVO,2025-03-22 02:51:14,Pelatihan K3
TRX3813,UMKM493,expense,1396000.0,Transfer Mandiri,2024-01-13 02:51:14,Pelatihan Leadership
TRX3814,UMKM493,income,1193000.0,Transfer BCA,2024-02-17 02:51:14,Pelatihan K3
TRX3815,UMKM494,income,117000.0,Transfer BCA,2025-08-04 13:49:16,Jam Dinding Kayu
TRX3816,UMKM494,expense,175000.0,Transfer Mandiri,2024-12-28 13:49:16,Jam Dinding Kayu
TRX3817,UMKM494,income,74000.0,Transfer BCA,2024-12-17 13:49:16,Jam Dinding Kayu
TRX3818,UMKM495,income,532000.0,Pembayaran tunai,2022-07-17 04:06:59,Sepatu Sneakers
TRX3819,UMKM495,income,181000.0,Dana,2022-03-19 04:06:59,Kemeja Batik Pria
TRX3820,UMKM495,expense,808000.0,Cash,2022-06-01 04:06:59,Kemeja Batik Pria
TRX3821,UMKM495,income,314000.0,,2023-02-14 04:06:59,Sandal Casual
TRX3822,UMKM495,expense,792000.0,,2022-05-25 04:06:59,Tas Kulit Mini
TRX3823,UMKM495,income,877000.0,Dana,2021-06-27 04:06:59,Kemeja Batik Pria
TRX3824,UMKM495,income,622000.0,OVO,2022-09-05 04:06:59,
TRX3825,UMKM495,expense,831000.0,Cash,2022-05-28 04:06:59,Tunik Polos
TRX3826,UMKM495,income,984000.0,Gopay,2021-05-13 04:06:59,Celana Chino Pria
TRX3827,UMKM495,income,237000.0,Transfer BCA,2022-02-10 04:06:59,Heels Wanita
TRX3828,UMKM496,income,181000.0,Transfer BCA,2025-08-19 19:53:04,Kacang Tanah
TRX3829,UMKM496,expense,55000.0,,2025-07-11 19:53:04,
TRX3830,UMKM496,income,123000.0,Dana,2024-11-27 19:53:04,Kacang Tanah
TRX3831,UMKM496,income,191000.0,,2025-06-04 19:53:04,Kacang Tanah
TRX3832,UMKM496,income,124000.0,,2024-09-01 19:53:04,Kacang Tanah
TRX3833,UMKM496,expense,167000.0,Cash,2024-01-12 19:53:04,Dodol Nangka
TRX3834,UMKM497,income,230000.0,OVO,2024-06-05 11:12:05,Jahe Merah Instan
TRX3835,UMKM497,expense,418000.0,,2024-03-14 11:12:05,Multivitamin Anak
TRX3836,UMKM497,income,469000.0,Transfer BRI,2024-12-08 11:12:05,Refleksi Kaki
TRX3837,UMKM497,income,184000.0,Transfer BRI,2024-05-30 11:12:05,Refleksi Kaki
TRX3838,UMKM497,income,205000.0,OVO,2024-08-30 11:12:05,Nebulizer
TRX3839,UMKM498,expense,138000.0,Transfer BNI,2025-05-16 11:14:40,Cireng Isi
TRX3840,UMKM498,income,155000.0,Gopay,2024-07-28 11:14:40,Snack Box Meeting
TRX3841,UMKM498,expense,242000.0,Tunai,2025-03-20 11:14:40,Cireng Isi
TRX3842,UMKM498,income,65000.0,Dana,2023-12-23 11:14:40,Paket Nasi Box
TRX3843,UMKM498,income,245000.0,Dana,2024-03-01 11:14:40,Catering Kantor
TRX3844,UMKM498,income,32000.0,Transfer BCA,2025-03-09 11:14:40,Paket Nasi Box
TRX3845,UMKM498,expense,41000.0,,2025-05-02 11:14:40,Seblak Kering
TRX3846,UMKM498,income,246000.0,Gopay,2024-08-12 11:14:40,Snack Box Meeting
TRX3847,UMKM498,expense,104000.0,Transfer Mandiri,2025-05-15 11:14:40,Catering Pernikahan
TRX3848,UMKM498,expense,261000.0,Transfer Mandiri,2024-01-19 11:14:40,Dadar Gulung
TRX3849,UMKM498,income,66000.0,Dana,2024-10-01 11:14:40,Paket Prasmanan
TRX3850,UMKM498,income,200000.0,-,2024-10-21 11:14:40,
TRX3851,UMKM498,income,276000.0,,2024-01-27 11:14:40,Paket Prasmanan
TRX3852,UMKM498,income,157000.0,Dana,2024-09-06 11:14:40,Paket Nasi Box
TRX3853,UMKM498,expense,216000.0,,2025-04-25 11:14:40,Paket Nasi Box
TRX3854,UMKM498,income,32000.0,OVO,2023-08-03 11:14:40,Paket Prasmanan
TRX3855,UMKM498,income,82000.0,Pembayaran tunai,2023-06-23 11:14:40,Paket Prasmanan
TRX3856,UMKM498,income,75000.0,Dana,2024-03-21 11:14:40,Paket Prasmanan
TRX3857,UMKM498,expense,107000.0,Transfer Mandiri,2024-01-14 11:14:40,Teh Tarik
TRX3858,UMKM498,income,180000.0,Pembayaran tunai,2024-03-26 11:14:40,Snack Box Meeting
TRX3859,UMKM499,income,3452000.0,Pembayaran tunai,2023-02-04 13:03:48,App Pemesanan Online
TRX3860,UMKM499,income,4764000.0,,2022-10-05 13:03:48,Setup Server
TRX3861,UMKM499,income,3848000.0,Pembayaran tunai,2023-03-07 13:03:48,App Pemesanan Online
TRX3862,UMKM499,income,1273000.0,,2023-12-29 13:03:48,Scanner Barcode
TRX3863,UMKM499,expense,2691000.0,Tunai,2023-10-06 13:03:48,PC Rakitan
TRX3864,UMKM499,expense,1577000.0,,2023-01-31 13:03:48,Sistem Irigasi Otomatis
TRX3865,UMKM500,income,1645000.0,,2023-10-31 12:50:21,Sewa Mobil Harian
TRX3866,UMKM500,income,215000.0,Pembayaran tunai,2023-08-22 12:50:21,Study Tour
TRX3867,UMKM500,expense,1048000.0,Tunai,2023-10-05 12:50:21,Balancing Roda
TRX3868,UMKM500,income,731000.0,,2023-05-24 12:50:21,Sewa Mobil Harian
TRX3869,UMKM500,expense,1342000.0,,2022-08-20 12:50:21,Sewa Pickup
TRX3870,UMKM500,income,412000.0,,2022-11-01 12:50:21,Study Tour
TRX3871,UMKM501,expense,165000.0,Transfer Mandiri,2024-06-28 17:33:06,Keripik Singkong Pedas
TRX3872,UMKM501,expense,34000.0,,2022-12-22 17:33:06,Opak Angin
TRX3873,UMKM501,income,7000.0,OVO,2023-12-11 17:33:06,Snack Box Meeting
TRX3874,UMKM501,income,236000.0,,2023-04-02 17:33:06,Es Campur
TRX3875,UMKM501,expense,145000.0,Cash,2024-01-25 17:33:06,Paket Prasmanan
TRX3876,UMKM501,income,112000.0,Transfer BRI,2024-04-09 17:33:06,
TRX3877,UMKM501,income,91000.0,Transfer BRI,2024-02-18 17:33:06,Matcha Latte
TRX3878,UMKM501,income,300000.0,Gopay,2023-09-12 17:33:06,Snack Box Meeting
TRX3879,UMKM501,income,86000.0,,2022-12-01 17:33:06,Es Campur
TRX3880,UMKM501,expense,255000.0,Cash,2024-01-10 17:33:06,Paket Prasmanan
TRX3881,UMKM502,income,230000.0,Gopay,2024-08-17 12:48:35,Kursus Menjahit
TRX3882,UMKM502,expense,315000.0,,2024-01-02 12:48:35,
TRX3883,UMKM502,expense,1308000.0,,2024-03-25 12:48:35,Bimbel UN SD
TRX3884,UMKM502,income,938000.0,Dana,2023-05-16 12:48:35,Kursus Mekanik
TRX3885,UMKM502,income,1347000.0,Gopay,2024-06-30 12:48:35,Kursus Mekanik
TRX3886,UMKM503,expense,229000.0,Tunai,2022-05-16 09:44:10,Abon Ikan
TRX3887,UMKM503,expense,216000.0,Transfer Mandiri,2022-08-12 09:44:10,Bibit Padi Ciherang
TRX3888,UMKM503,income,229000.0,,2021-11-22 09:44:10,Pupuk KCl
TRX3889,UMKM503,income,254000.0,OVO,2022-01-20 09:44:10,Pupuk Organik Cair
TRX3890,UMKM503,income,206000.0,OVO,2021-08-27 09:44:10,Pupuk KCl
TRX3891,UMKM503,income,12000.0,OVO,2022-03-31 09:44:10,Keripik Pisang
TRX3892,UMKM503,expense,29000.0,Tunai,2022-03-01 09:44:10,Dodol Nangka
TRX3893,UMKM504,income,278000.0,Dana,2023-04-16 06:34:36,Bakso Mercon
TRX3894,UMKM504,income,107000.0,Transfer BRI,2022-09-08 06:34:36,Bakso Mercon
TRX3895,UMKM504,income,196000.0,Gopay,2023-05-20 06:34:36,Es Teh Manis
TRX3896,UMKM504,income,12000.0,OVO,2023-12-15 06:34:36,Bakso Mercon
TRX3897,UMKM504,expense,169000.0,Transfer Mandiri,2023-03-13 06:34:36,Kopi Susu
TRX3898,UMKM504,income,276000.0,OVO,2022-12-14 06:34:36,Pecel Lele
TRX3899,UMKM504,expense,102000.0,Transfer Mandiri,2023-01-17 06:34:36,
TRX3900,UMKM504,income,14000.0,Dana,2023-11-04 06:34:36,Pecel Lele
TRX3901,UMKM504,expense,7000.0,,2022-12-01 06:34:36,Bolu Kukus
TRX3902,UMKM504,income,132000.0,Transfer BCA,2023-12-05 06:34:36,Keripik Singkong Pedas
TRX3903,UMKM504,income,120000.0,Gopay,2023-07-27 06:34:36,Keripik Singkong Pedas
TRX3904,UMKM504,expense,181000.0,Transfer Mandiri,2024-05-09 06:34:36,
TRX3905,UMKM504,expense,164000.0,,2024-01-30 06:34:36,
TRX3906,UMKM505,income,81000.0,Gopay,2023-08-08 02:19:33,Tensimeter Digital
TRX3907,UMKM505,income,67000.0,Dana,2024-04-19 02:19:33,Tensimeter Digital
TRX3908,UMKM505,expense,211000.0,Transfer BNI,2024-05-15 02:19:33,Jamu Beras Kencur
TRX3909,UMKM505,income,272000.0,,2023-09-17 02:19:33,Thermometer Infrared
TRX3910,UMKM505,income,316000.0,,2025-06-01 02:19:33,Nebulizer
TRX3911,UMKM506,expense,161000.0,Transfer BNI,2023-10-19 00:12:12,Paket Nasi Box
TRX3912,UMKM506,income,90000.0,Dana,2022-12-12 00:12:12,Dadar Gulung
TRX3913,UMKM506,expense,38000.0,,2023-08-31 00:12:12,Basreng Kering
TRX3914,UMKM506,expense,28000.0,Transfer Mandiri,2024-02-02 00:12:12,Keripik Singkong Pedas
TRX3915,UMKM506,income,157000.0,Dana,2022-08-19 00:12:12,Pecel Lele
TRX3916,UMKM506,expense,153000.0,Tunai,2023-05-25 00:12:12,Catering Pernikahan
TRX3917,UMKM506,income,238000.0,Transfer BRI,2022-06-12 00:12:12,Snack Box Meeting
TRX3918,UMKM506,expense,271000.0,Cash,2024-02-12 00:12:12,Paket Prasmanan
TRX3919,UMKM506,expense,273000.0,Transfer Mandiri,2023-12-31 00:12:12,Lontong Sayur
TRX3920,UMKM506,income,177000.0,Pembayaran tunai,2022-09-06 00:12:12,Pudding Coklat
TRX3921,UMKM506,income,227000.0,Transfer BRI,2023-06-11 00:12:12,Pudding Coklat
TRX3922,UMKM507,income,959000.0,Pembayaran tunai,2022-03-03 09:36:56,Jaket Anak
TRX3923,UMKM507,expense,753000.0,,2023-07-04 09:36:56,Tas Kulit Mini
TRX3924,UMKM507,income,187000.0,Transfer BRI,2023-07-29 09:36:56,Kalung Emas Muda
TRX3925,UMKM507,income,400000.0,Transfer BRI,2023-03-19 09:36:56,Jaket Anak
TRX3926,UMKM507,expense,973000.0,Cash,2022-10-22 09:36:56,
TRX3927,UMKM507,expense,551000.0,Tunai,2022-03-23 09:36:56,Sepatu Boots
TRX3928,UMKM507,income,417000.0,,2023-06-03 09:36:56,Jaket Anak
TRX3929,UMKM507,income,818000.0,Dana,2022-03-17 09:36:56,Heels Wanita
TRX3930,UMKM507,income,242000.0,Gopay,2022-06-14 09:36:56,Jaket Anak
TRX3931,UMKM507,expense,218000.0,,2023-02-15 09:36:56,Blouse Wanita
TRX3932,UMKM507,expense,978000.0,Transfer BNI,2023-09-15 09:36:56,Dompet Wanita
TRX3933,UMKM507,income,990000.0,Dana,2023-04-22 09:36:56,Heels Wanita
TRX3934,UMKM508,expense,881000.0,,2023-12-02 03:00:27,Gelang Perak
TRX3935,UMKM508,income,463000.0,Transfer BRI,2025-02-09 03:00:27,Celana Kulot
TRX3936,UMKM508,income,69000.0,Transfer BCA,2024-05-02 03:00:27,Celana Kulot
TRX3937,UMKM508,expense,283000.0,Transfer BNI,2025-02-18 03:00:27,Slip On Polos
TRX3938,UMKM508,expense,279000.0,Transfer Mandiri,2024-10-13 03:00:27,Sweater Pria
TRX3939,UMKM508,income,794000.0,Dana,2024-09-10 03:00:27,Sepatu Boots
TRX3940,UMKM508,expense,184000.0,Transfer BNI,2024-05-22 03:00:27,
TRX3941,UMKM509,expense,266000.0,Transfer Mandiri,2022-10-08 20:18:49,Heels Wanita
TRX3942,UMKM509,income,801000.0,Transfer BCA,2023-11-24 20:18:49,Rok Midi
TRX3943,UMKM509,income,72000.0,Gopay,2022-11-27 20:18:49,Rok Midi
TRX3944,UMKM509,expense,653000.0,Cash,2022-11-15 20:18:49,Kemeja Batik Pria
TRX3945,UMKM509,income,566000.0,,2022-02-02 20:18:49,Rok Midi
TRX3946,UMKM509,expense,223000.0,,2022-03-18 20:18:49,Tas Kulit Mini
TRX3947,UMKM509,expense,176000.0,Transfer Mandiri,2022-10-13 20:18:49,Kaos Anak Motif
TRX3948,UMKM510,expense,212000.0,Tunai,2024-03-21 17:32:16,Mainan Edukatif Kayu
TRX3949,UMKM510,expense,389000.0,Transfer BNI,2024-02-14 17:32:16,Pot Ban Bekas
TRX3950,UMKM510,income,358000.0,Gopay,2023-12-24 17:32:16,Mug Foto
TRX3951,UMKM510,income,430000.0,Transfer BRI,2025-08-11 17:32:16,Mug Foto
TRX3952,UMKM511,income,24000.0,Dana,2022-07-29 01:41:30,Nasi Goreng Spesial
TRX3953,UMKM511,income,197000.0,,2022-08-11 01:41:30,Nasi Goreng Spesial
TRX3954,UMKM511,income,135000.0,Transfer BRI,2022-11-25 01:41:30,Nasi Goreng Spesial
TRX3955,UMKM511,income,278000.0,Dana,2021-09-01 01:41:30,Snack Box Meeting
TRX3956,UMKM511,income,29000.0,,2022-08-05 01:41:30,Snack Box Meeting
TRX3957,UMKM511,expense,29000.0,Transfer Mandiri,2022-04-14 01:41:30,Makaroni Goreng
TRX3958,UMKM511,income,60000.0,Pembayaran tunai,2022-07-18 01:41:30,Snack Box Meeting
TRX3959,UMKM511,expense,15000.0,,2021-04-17 01:41:30,Cireng Isi
TRX3960,UMKM511,expense,29000.0,Transfer Mandiri,2022-06-07 01:41:30,Catering Kantor
TRX3961,UMKM511,expense,64000.0,Transfer Mandiri,2021-04-09 01:41:30,
TRX3962,UMKM511,income,218000.0,,2021-04-19 01:41:30,Nasi Goreng Spesial
TRX3963,UMKM511,income,232000.0,Dana,2022-09-07 01:41:30,Nasi Goreng Spesial
TRX3964,UMKM511,income,199000.0,Dana,2021-05-29 01:41:30,Nasi Goreng Spesial
TRX3965,UMKM511,expense,68000.0,Cash,2022-11-18 01:41:30,Paket Prasmanan
TRX3977,UMKM513,expense,1325000.0,Transfer Mandiri,2022-11-19 20:59:22,
TRX3978,UMKM513,expense,1290000.0,,2024-03-21 20:59:22,Cuci Mobil
TRX3979,UMKM513,income,1485000.0,Transfer BCA,2023-10-29 20:59:22,Sewa Pickup
TRX3980,UMKM513,income,330000.0,Dana,2024-06-29 20:59:22,Sewa Truk
TRX3981,UMKM513,income,907000.0,-,2023-08-30 20:59:22,Last Mile Delivery
TRX3982,UMKM513,expense,1751000.0,Tunai,2023-01-30 20:59:22,Paket Wisata Bali
TRX3983,UMKM514,expense,1890000.0,Tunai,2023-11-03 23:38:21,Sewa Minibus
TRX3984,UMKM514,income,264000.0,OVO,2024-02-28 23:38:21,Ekspedisi Antar Pulau
TRX3985,UMKM514,income,1097000.0,Dana,2023-11-02 23:38:21,Ekspedisi Antar Pulau
TRX3986,UMKM514,income,1522000.0,Transfer BCA,2022-11-21 23:38:21,Paket Wisata Bali
TRX3987,UMKM514,income,1315000.0,Transfer BRI,2022-12-21 23:38:21,Sewa Motor Harian
TRX3988,UMKM515,income,582000.0,,2022-04-04 13:49:36,Penulisan Artikel SEO
TRX3989,UMKM515,income,1257000.0,,2021-09-17 13:49:36,Penulisan Artikel SEO
TRX3990,UMKM515,income,566000.0,,2021-12-07 13:49:36,Servis Mesin Cuci
TRX3991,UMKM515,expense,535000.0,,2023-02-24 13:49:36,
TRX3992,UMKM515,income,2138000.0,OVO,2022-01-06 13:49:36,Servis Mesin Cuci
TRX3999,UMKM517,income,585000.0,Transfer BCA,2022-06-21 18:59:14,Tas Kulit Mini
TRX4000,UMKM517,expense,256000.0,Cash,2022-08-20 18:59:14,Anting Mutiara
TRX4001,UMKM517,expense,416000.0,Cash,2023-05-31 18:59:14,Ikat Pinggang Pria
TRX4002,UMKM517,expense,770000.0,,2022-05-12 18:59:14,Jaket Anak
TRX4003,UMKM517,expense,469000.0,Tunai,2022-09-26 18:59:14,Atasan Motif
TRX4004,UMKM517,income,352000.0,OVO,2023-08-25 18:59:14,Gamis Syari
TRX4005,UMKM517,expense,214000.0,Transfer Mandiri,2024-01-05 18:59:14,Kalung Emas Muda
TRX4006,UMKM517,income,90000.0,,2022-10-15 18:59:14,Gelang Perak
TRX4007,UMKM517,income,611000.0,Gopay,2024-01-17 18:59:14,Blouse Wanita
TRX4008,UMKM517,income,558000.0,Pembayaran tunai,2024-01-18 18:59:14,Kaos Polos Pria
TRX4009,UMKM517,expense,982000.0,,2023-08-03 18:59:14,
TRX4010,UMKM518,income,262000.0,-,2024-05-11 03:49:59,Sepatu Sneakers
TRX4011,UMKM518,income,754000.0,Transfer BCA,2023-06-04 03:49:59,Sepatu Sneakers
TRX4012,UMKM518,income,542000.0,OVO,2022-12-23 03:49:59,Kaos Polos Pria
TRX4013,UMKM518,expense,388000.0,Cash,2024-07-23 03:49:59,Kaos Anak Motif
TRX4014,UMKM518,income,290000.0,,2024-09-30 03:49:59,Sepatu Sneakers
TRX4015,UMKM518,expense,52000.0,Transfer BNI,2024-08-14 03:49:59,Tas Kulit Mini
TRX4016,UMKM518,expense,63000.0,,2023-09-10 03:49:59,Setelan Anak Lucu
TRX4017,UMKM518,expense,737000.0,Tunai,2024-06-28 03:49:59,Dress Anak Pesta
TRX4018,UMKM518,income,141000.0,Dana,2024-09-08 03:49:59,Sepatu Sneakers
TRX4019,UMKM518,income,978000.0,,2022-12-01 03:49:59,Cardigan Wanita
TRX4020,UMKM518,income,163000.0,,2024-07-06 03:49:59,Cardigan Wanita
TRX4021,UMKM519,income,2451000.0,Transfer BCA,2023-05-16 01:32:38,Seminar Nasional
TRX4022,UMKM519,income,2840000.0,Pembayaran tunai,2022-10-13 01:32:38,Editing Video
TRX4023,UMKM519,income,2123000.0,Transfer BCA,2023-10-12 01:32:38,Editing Video
TRX4024,UMKM519,income,710000.0,OVO,2022-07-16 01:32:38,Editing Video
TRX4025,UMKM519,expense,468000.0,Tunai,2022-07-04 01:32:38,
TRX4026,UMKM519,income,2195000.0,OVO,2022-09-26 01:32:38,Editing Video
TRX4027,UMKM520,expense,53000.0,,2023-05-12 04:13:08,Madu Murni
TRX4028,UMKM520,income,385000.0,Transfer BCA,2023-05-25 04:13:08,Konsultasi Dokter
TRX4029,UMKM520,expense,385000.0,Transfer BNI,2022-09-26 04:13:08,Pijat Tradisional
TRX4030,UMKM520,income,66000.0,Transfer BCA,2021-10-17 04:13:08,Cek Gula Darah
TRX4031,UMKM520,expense,478000.0,,2021-09-21 04:13:08,Kalsium Tablet
TRX4032,UMKM521,income,4692000.0,,2024-02-22 10:26:26,
TRX4033,UMKM521,income,4287000.0,Transfer BCA,2023-11-20 10:26:26,Jual Kos-kosan
TRX4034,UMKM522,income,985000.0,OVO,2024-02-07 08:24:47,Bimbel UN SD
TRX4035,UMKM522,income,656000.0,Transfer BRI,2025-03-21 08:24:47,Buku Bisnis Online
TRX4036,UMKM522,income,590000.0,Transfer BRI,2025-06-04 08:24:47,Buku TOEFL
TRX4037,UMKM522,income,1000000.0,Transfer BRI,2024-04-01 08:24:47,Bimbel UN SD
TRX4038,UMKM523,income,305000.0,Pembayaran tunai,2025-10-26 02:22:32,Servis Laptop
TRX4039,UMKM523,income,508000.0,Transfer BCA,2024-09-02 02:22:32,
TRX4040,UMKM523,expense,815000.0,Cash,2024-04-08 02:22:32,Desain Logo
TRX4041,UMKM523,income,261000.0,Transfer BRI,2024-07-27 02:22:32,Konsultasi Marketing
TRX4042,UMKM523,income,1290000.0,Transfer BRI,2025-02-12 02:22:32,Konsultasi Bisnis
TRX4043,UMKM523,income,1575000.0,Dana,2024-04-12 02:22:32,Servis Laptop
TRX4044,UMKM523,income,2872000.0,Gopay,2024-04-23 02:22:32,Konsultasi Marketing
TRX4045,UMKM523,income,1380000.0,OVO,2025-01-14 02:22:32,Desain Logo
TRX4046,UMKM523,income,1844000.0,Transfer BCA,2024-12-20 02:22:32,Desain Logo
TRX4047,UMKM523,expense,574000.0,Transfer Mandiri,2024-09-03 02:22:32,Data Entry
TRX4048,UMKM524,income,53000.0,Transfer BRI,2022-11-21 18:18:52,Snack Box Meeting
TRX4049,UMKM524,expense,28000.0,Transfer Mandiri,2024-02-27 18:18:52,Es Krim Lokal
TRX4050,UMKM524,income,9000.0,Dana,2023-03-27 18:18:52,Paket Prasmanan
TRX4051,UMKM524,expense,75000.0,,2023-09-12 18:18:52,Bolu Kukus
TRX4052,UMKM524,expense,92000.0,,2024-01-01 18:18:52,Soto Ayam
TRX4053,UMKM524,income,173000.0,Transfer BRI,2023-04-02 18:18:52,Kopi Susu
TRX4054,UMKM524,expense,188000.0,Tunai,2022-07-24 18:18:52,Kue Cubit
TRX4055,UMKM524,expense,229000.0,Cash,2022-11-15 18:18:52,Lontong Sayur
TRX4056,UMKM524,income,142000.0,Pembayaran tunai,2023-08-06 18:18:52,Snack Box Meeting
TRX4057,UMKM524,income,52000.0,,2023-04-13 18:18:52,Es Boba
TRX4058,UMKM524,expense,195000.0,Tunai,2022-11-11 18:18:52,
TRX4059,UMKM524,expense,180000.0,,2022-07-03 18:18:52,Jus Alpukat
TRX4060,UMKM525,income,103000.0,Gopay,2022-09-12 14:13:58,Dodol Nangka
TRX4061,UMKM525,income,68000.0,Transfer BCA,2023-11-30 14:13:58,Pupuk Urea 50kg
TRX4062,UMKM525,income,215000.0,Gopay,2023-10-03 14:13:58,Pupuk Urea 50kg
TRX4063,UMKM526,expense,869000.0,Tunai,2023-05-20 22:02:44,Buku TOEFL
TRX4064,UMKM526,income,984000.0,Gopay,2022-03-29 22:02:44,Buku Bisnis Online
TRX4065,UMKM526,expense,606000.0,Cash,2022-05-18 22:02:44,Kursus Memasak
TRX4066,UMKM526,expense,839000.0,Transfer Mandiri,2021-08-30 22:02:44,Bimbel SBMPTN
TRX4067,UMKM526,expense,1462000.0,,2022-11-12 22:02:44,Kursus Komputer
TRX4068,UMKM527,income,1029000.0,Transfer BCA,2024-06-26 00:05:20,Les Piano
TRX4069,UMKM527,income,913000.0,OVO,2025-04-30 00:05:20,Kursus Menjahit
TRX4070,UMKM527,income,1378000.0,Transfer BCA,2025-10-06 00:05:20,Kursus Bahasa Inggris
TRX4071,UMKM527,income,391000.0,,2025-05-22 00:05:20,Kursus Menjahit
TRX4072,UMKM527,expense,281000.0,Tunai,2025-06-26 00:05:20,Pelatihan Leadership
TRX4073,UMKM527,income,321000.0,Dana,2024-02-17 00:05:20,Kursus Menjahit
TRX4074,UMKM527,expense,1475000.0,Cash,2024-06-26 00:05:20,Kursus Mekanik
TRX4075,UMKM527,income,170000.0,Transfer BRI,2025-06-17 00:05:20,Les Piano
TRX4076,UMKM528,income,1405000.0,,2023-06-18 16:15:31,App Pemesanan Online
TRX4077,UMKM528,expense,949000.0,Tunai,2023-06-30 16:15:31,Aplikasi Absensi
TRX4078,UMKM528,income,3508000.0,,2023-11-02 16:15:31,Scanner Barcode
TRX4079,UMKM528,income,4939000.0,Transfer BRI,2022-03-20 16:15:31,
TRX4080,UMKM528,income,4054000.0,Transfer BRI,2022-05-17 16:15:31,IT Support Bulanan
TRX4081,UMKM528,income,4760000.0,,2022-01-15 16:15:31,Sensor Suhu Gudang
TRX4082,UMKM528,income,3689000.0,Transfer BCA,2023-09-27 16:15:31,
TRX4083,UMKM529,expense,102000.0,Transfer BNI,2024-02-03 13:54:14,Singkong Segar
TRX4084,UMKM529,income,204000.0,Gopay,2024-01-23 13:54:14,Abon Ikan
TRX4085,UMKM529,income,193000.0,Transfer BCA,2023-09-22 13:54:14,Bibit Jagung Hibrida
TRX4086,UMKM529,income,24000.0,Transfer BCA,2024-09-01 13:54:14,Bibit Jagung Hibrida
TRX4087,UMKM530,income,71000.0,,2025-06-26 04:44:07,Catering Pernikahan
TRX4088,UMKM530,income,252000.0,Gopay,2024-12-10 04:44:07,Snack Box Meeting
TRX4089,UMKM530,expense,254000.0,Tunai,2025-05-12 04:44:07,Kopi Susu
TRX4090,UMKM530,income,62000.0,Dana,2024-09-15 04:44:07,Klepon
TRX4091,UMKM530,income,215000.0,Dana,2025-04-26 04:44:07,Snack Box Meeting
TRX4092,UMKM530,expense,230000.0,Transfer Mandiri,2024-04-17 04:44:07,Makaroni Goreng
TRX4093,UMKM530,expense,28000.0,Tunai,2024-03-15 04:44:07,
TRX4094,UMKM530,income,37000.0,Pembayaran tunai,2025-02-07 04:44:07,Snack Box Meeting
TRX4095,UMKM530,income,138000.0,,2025-09-15 04:44:07,Snack Box Meeting
TRX4096,UMKM530,income,165000.0,OVO,2024-04-15 04:44:07,Klepon
TRX4097,UMKM530,income,11000.0,,2024-06-21 04:44:07,Klepon
TRX4098,UMKM530,income,273000.0,OVO,2024-02-25 04:44:07,Catering Pernikahan
TRX4099,UMKM530,income,300000.0,,2024-10-10 04:44:07,Catering Pernikahan
TRX4100,UMKM530,expense,294000.0,Tunai,2024-04-23 04:44:07,Keripik Singkong Pedas
TRX4101,UMKM530,expense,119000.0,Tunai,2024-09-16 04:44:07,Paket Nasi Box
TRX4102,UMKM530,income,178000.0,,2025-04-09 04:44:07,Snack Box Meeting
TRX4103,UMKM530,income,270000.0,,2025-08-06 04:44:07,
TRX4104,UMKM530,income,272000.0,Transfer BCA,2024-12-19 04:44:07,Snack Box Meeting
TRX4105,UMKM531,expense,2919000.0,Transfer Mandiri,2025-03-04 20:35:23,Event Launching Produk
TRX4106,UMKM531,expense,2969000.0,Transfer BNI,2024-11-09 20:35:23,Konsultasi Marketing
TRX4107,UMKM531,expense,2632000.0,Tunai,2023-12-14 20:35:23,Voice Over
TRX4108,UMKM531,income,490000.0,Gopay,2025-06-05 20:35:23,Penerjemah Dokumen
TRX4109,UMKM531,expense,1872000.0,Cash,2023-12-16 20:35:23,Servis HP
TRX4110,UMKM532,income,363000.0,Transfer BCA,2025-10-27 12:46:32,Hiasan Koran Daur Ulang
TRX4111,UMKM532,expense,397000.0,Cash,2025-07-08 12:46:32,Nampan Serut
TRX4112,UMKM532,income,152000.0,Pembayaran tunai,2025-04-06 12:46:32,Pot Tanah Liat
TRX4113,UMKM533,income,251000.0,Dana,2024-03-21 01:18:21,Snack Box Meeting
TRX4114,UMKM533,income,182000.0,Pembayaran tunai,2023-05-23 01:18:21,Snack Box Meeting
TRX4115,UMKM533,expense,202000.0,Tunai,2024-08-08 01:18:21,
TRX4116,UMKM533,income,81000.0,Gopay,2024-04-03 01:18:21,Snack Box Meeting
TRX4117,UMKM533,income,290000.0,OVO,2023-10-12 01:18:21,Teh Tarik
TRX4118,UMKM533,income,32000.0,Transfer BRI,2024-07-25 01:18:21,Paket Nasi Box
TRX4119,UMKM533,expense,10000.0,Transfer BNI,2024-06-07 01:18:21,Catering Pernikahan
TRX4120,UMKM533,income,85000.0,,2024-04-11 01:18:21,Snack Box Meeting
TRX4121,UMKM533,income,263000.0,,2023-06-28 01:18:21,Teh Tarik
TRX4122,UMKM533,income,245000.0,-,2023-07-31 01:18:21,Teh Tarik
TRX4123,UMKM533,income,258000.0,,2023-08-10 01:18:21,Snack Box Meeting
TRX4124,UMKM533,income,89000.0,Gopay,2024-05-29 01:18:21,Keripik Singkong Pedas
TRX4125,UMKM533,income,43000.0,Dana,2024-02-09 01:18:21,Paket Prasmanan
TRX4126,UMKM533,expense,256000.0,Cash,2024-03-18 01:18:21,Risol Mayo
TRX4127,UMKM533,income,169000.0,,2023-05-05 01:18:21,Snack Box Meeting
TRX4128,UMKM534,income,2073000.0,Transfer BCA,2024-04-21 13:09:58,Aplikasi Kasir UMKM
TRX4129,UMKM534,expense,2810000.0,Transfer Mandiri,2023-12-09 13:09:58,App Mobile Android
TRX4130,UMKM534,income,2378000.0,Transfer BRI,2025-08-19 13:09:58,Aplikasi Kasir UMKM
TRX4131,UMKM534,expense,512000.0,Transfer BNI,2024-10-20 13:09:58,Sistem Irigasi Otomatis
TRX4132,UMKM534,income,4252000.0,Gopay,2025-02-20 13:09:58,Router WiFi
TRX4133,UMKM534,expense,1924000.0,,2023-12-12 13:09:58,App Pemesanan Online
TRX4134,UMKM535,expense,613000.0,,2024-08-01 00:30:22,Ikat Pinggang Pria
TRX4135,UMKM535,income,708000.0,,2025-06-17 00:30:22,Celana Pendek Anak
TRX4136,UMKM535,expense,437000.0,,2025-08-10 00:30:22,Kemeja Batik Pria
TRX4137,UMKM535,expense,462000.0,,2024-05-26 00:30:22,Gelang Perak
TRX4138,UMKM535,income,886000.0,Transfer BRI,2024-05-01 00:30:22,Baju Tidur Anak
TRX4139,UMKM535,expense,290000.0,Tunai,2024-07-12 00:30:22,
TRX4140,UMKM535,income,130000.0,Pembayaran tunai,2024-10-27 00:30:22,Topi Baseball
TRX4141,UMKM535,income,520000.0,,2024-05-14 00:30:22,Topi Baseball
TRX4142,UMKM535,expense,504000.0,Transfer Mandiri,2024-11-04 00:30:22,Dress Casual
TRX4143,UMKM535,income,870000.0,,2024-01-24 00:30:22,Setelan Anak Lucu
TRX4144,UMKM535,income,636000.0,,2024-03-01 00:30:22,Topi Baseball
TRX4145,UMKM535,income,508000.0,,2025-08-25 00:30:22,
TRX4146,UMKM536,income,230000.0,Gopay,2024-03-23 16:32:45,Ekspedisi Antar Pulau
TRX4147,UMKM536,income,1804000.0,,2023-04-04 16:32:45,Servis Rem
TRX4148,UMKM536,expense,1070000.0,,2024-08-27 16:32:45,Tour Domestik
TRX4149,UMKM536,expense,965000.0,Tunai,2023-09-02 16:32:45,Sewa Truk
TRX4150,UMKM536,expense,697000.0,Cash,2023-10-14 16:32:45,Antar Jemput Bandara
TRX4151,UMKM536,expense,293000.0,Transfer BNI,2024-08-20 16:32:45,Pengiriman Barang Kota
TRX4152,UMKM536,expense,1068000.0,Tunai,2023-10-31 16:32:45,Sewa Truk
TRX4153,UMKM536,income,1576000.0,Pembayaran tunai,2024-03-13 16:32:45,Servis Rem
TRX4154,UMKM537,income,2776000.0,Dana,2024-08-17 19:30:08,Servis AC Split
TRX4155,UMKM537,expense,172000.0,Transfer Mandiri,2024-06-17 19:30:08,Penulisan Artikel SEO
TRX4156,UMKM537,income,520000.0,Dana,2024-03-05 19:30:08,Servis AC Split
TRX4157,UMKM537,expense,1752000.0,Transfer BNI,2024-10-24 19:30:08,
TRX4158,UMKM537,income,1788000.0,Transfer BCA,2023-08-18 19:30:08,Servis AC Split
TRX4159,UMKM538,income,123000.0,Transfer BRI,2024-11-21 08:14:51,Balancing Roda
TRX4160,UMKM538,expense,1191000.0,Transfer BNI,2024-01-30 08:14:51,Balancing Roda
TRX4161,UMKM538,expense,1174000.0,Transfer Mandiri,2023-02-17 08:14:51,Antar Jemput Sekolah
TRX4162,UMKM538,income,50000.0,Transfer BRI,2024-10-25 08:14:51,
TRX4163,UMKM538,income,1741000.0,Gopay,2023-07-16 08:14:51,Balancing Roda
TRX4164,UMKM538,income,236000.0,Pembayaran tunai,2024-04-26 08:14:51,Balancing Roda
TRX4165,UMKM539,income,2574000.0,Transfer BCA,2022-10-20 03:45:43,Desain Banner
TRX4166,UMKM539,income,2635000.0,Gopay,2022-02-26 03:45:43,Desain Feed Instagram
TRX4167,UMKM539,income,2711000.0,Pembayaran tunai,2021-04-26 03:45:43,Paket Pernikahan
TRX4168,UMKM539,income,1347000.0,Transfer BCA,2022-10-12 03:45:43,Servis Mesin Cuci
TRX4169,UMKM539,income,2182000.0,Pembayaran tunai,2021-12-04 03:45:43,Desain Feed Instagram
TRX4170,UMKM539,income,2403000.0,,2023-01-05 03:45:43,Servis Mesin Cuci
TRX4171,UMKM539,income,947000.0,Transfer BCA,2023-01-04 03:45:43,Desain Kemasan
TRX4172,UMKM539,expense,2781000.0,Transfer BNI,2021-09-10 03:45:43,Servis Mesin Cuci
TRX4173,UMKM539,income,2850000.0,,2022-07-05 03:45:43,Desain Logo
TRX4174,UMKM539,income,1968000.0,Transfer BCA,2021-08-26 03:45:43,Servis Mesin Cuci
TRX4175,UMKM540,expense,179000.0,Tunai,2023-06-15 07:22:42,Rendang Padang
TRX4176,UMKM540,expense,191000.0,Transfer Mandiri,2022-10-12 07:22:42,Bakso Mercon
TRX4177,UMKM540,income,32000.0,,2022-09-28 07:22:42,Snack Box Meeting
TRX4178,UMKM540,income,119000.0,OVO,2023-03-24 07:22:42,Brownies Kukus
TRX4179,UMKM540,expense,237000.0,Transfer BNI,2023-05-02 07:22:42,Cireng Isi
TRX4180,UMKM540,income,174000.0,Gopay,2023-06-12 07:22:42,Catering Pernikahan
TRX4181,UMKM540,income,291000.0,Gopay,2022-02-21 07:22:42,Es Campur
TRX4182,UMKM540,expense,247000.0,Transfer Mandiri,2021-08-01 07:22:42,
TRX4183,UMKM540,income,191000.0,Transfer BRI,2022-10-20 07:22:42,Es Campur
TRX4184,UMKM540,expense,236000.0,Cash,2023-06-14 07:22:42,Paket Prasmanan
TRX4185,UMKM540,expense,63000.0,Transfer BNI,2023-04-14 07:22:42,Makaroni Goreng
TRX4186,UMKM540,income,54000.0,Pembayaran tunai,2021-08-23 07:22:42,Paket Prasmanan
TRX4187,UMKM541,income,123000.0,,2024-10-07 08:01:51,Selai Nanas
TRX4188,UMKM541,income,11000.0,OVO,2024-05-12 08:01:51,Selai Nanas
TRX4189,UMKM541,income,184000.0,Transfer BRI,2023-09-26 08:01:51,Selai Nanas
TRX4190,UMKM541,income,191000.0,Transfer BRI,2023-02-20 08:01:51,Tepung Mocaf
TRX4191,UMKM542,expense,2491000.0,Tunai,2024-07-18 16:00:36,Sensor Suhu Gudang
TRX4192,UMKM542,income,4586000.0,,2023-10-24 16:00:36,Laptop Refurbished
TRX4193,UMKM542,expense,4376000.0,Transfer Mandiri,2023-03-10 16:00:36,IT Support Bulanan
TRX4194,UMKM542,income,3162000.0,,2024-03-05 16:00:36,Laptop Refurbished
TRX4195,UMKM542,income,970000.0,,2023-09-13 16:00:36,Laptop Refurbished
TRX4196,UMKM542,income,475000.0,OVO,2024-01-07 16:00:36,Laptop Refurbished
TRX4197,UMKM543,expense,484000.0,Transfer BNI,2023-03-08 18:41:23,Lampu Rotan
TRX4198,UMKM543,expense,109000.0,Tunai,2023-02-27 18:41:23,Cermin Ukir
TRX4199,UMKM543,expense,277000.0,Cash,2021-08-28 18:41:23,Cermin Ukir
TRX4200,UMKM543,income,96000.0,Dana,2022-03-04 18:41:23,Mug Foto
TRX4201,UMKM543,expense,445000.0,Tunai,2022-03-07 18:41:23,Pot Ban Bekas
TRX4202,UMKM543,expense,392000.0,Tunai,2022-02-12 18:41:23,Bando Kain
TRX4203,UMKM543,expense,405000.0,Cash,2021-11-22 18:41:23,Kursi Pallet Bekas
TRX4204,UMKM544,income,1776000.0,Pembayaran tunai,2023-04-16 07:33:52,Paket Ulang Tahun
TRX4205,UMKM544,income,538000.0,Transfer BRI,2023-01-15 07:33:52,Paket Ulang Tahun
TRX4206,UMKM544,expense,1141000.0,Tunai,2023-03-01 07:33:52,Desain Feed Instagram
TRX4207,UMKM544,expense,2602000.0,Transfer Mandiri,2022-08-30 07:33:52,Data Entry
TRX4208,UMKM544,income,902000.0,Transfer BCA,2023-08-24 07:33:52,Desain Logo
TRX4209,UMKM545,expense,1636000.0,,2022-05-17 18:17:31,Maintenance Jaringan
TRX4210,UMKM545,income,1089000.0,,2022-02-26 18:17:31,App Mobile Android
TRX4211,UMKM545,income,3318000.0,,2023-06-14 18:17:31,App Mobile Android
TRX4212,UMKM545,income,1866000.0,Dana,2023-01-24 18:17:31,App Mobile Android
TRX4213,UMKM545,expense,3844000.0,Cash,2021-12-17 18:17:31,Kamera IP CCTV
TRX4214,UMKM545,expense,1661000.0,,2022-12-21 18:17:31,Website Company Profile
TRX4215,UMKM545,income,2868000.0,,2023-03-30 18:17:31,Aplikasi Inventory
TRX4216,UMKM546,income,80000.0,,2024-03-23 05:15:46,Cermin Ukir
TRX4217,UMKM546,expense,412000.0,Transfer BNI,2024-04-28 05:15:46,Nampan Serut
TRX4218,UMKM546,income,237000.0,Transfer BRI,2023-07-27 05:15:46,Miniatur Rumah Kayu
TRX4219,UMKM546,expense,48000.0,Tunai,2024-03-19 05:15:46,Kursi Pallet Bekas
TRX4220,UMKM547,expense,4923000.0,Cash,2022-03-20 08:22:00,Aplikasi Kasir UMKM
TRX4221,UMKM547,income,1109000.0,Pembayaran tunai,2021-06-16 08:22:00,
TRX4222,UMKM547,expense,3790000.0,Transfer Mandiri,2023-01-28 08:22:00,Sistem Irigasi Otomatis
TRX4223,UMKM547,income,3846000.0,Gopay,2022-05-06 08:22:00,Aplikasi Absensi
TRX4224,UMKM547,income,4927000.0,Transfer BCA,2021-10-12 08:22:00,Printer Thermal
TRX4225,UMKM547,income,4230000.0,Dana,2021-05-28 08:22:00,Printer Thermal
TRX4226,UMKM547,income,1202000.0,,2022-02-23 08:22:00,App Pemesanan Online
TRX4227,UMKM548,income,560000.0,,2024-04-20 00:50:55,
TRX4228,UMKM548,income,54000.0,Transfer BRI,2023-07-03 00:50:55,Sepatu Formal Pria
TRX4229,UMKM548,income,593000.0,Pembayaran tunai,2023-10-25 00:50:55,Sepatu Formal Pria
TRX4230,UMKM548,income,803000.0,Pembayaran tunai,2023-01-12 00:50:55,Sepatu Formal Pria
TRX4231,UMKM548,income,99000.0,Transfer BRI,2023-10-09 00:50:55,
TRX4232,UMKM548,expense,616000.0,Transfer Mandiri,2023-12-28 00:50:55,Celana Chino Pria
TRX4233,UMKM548,expense,493000.0,Tunai,2024-02-25 00:50:55,Polo Shirt Pria
TRX4234,UMKM548,income,908000.0,OVO,2023-06-30 00:50:55,Sandal Casual
TRX4235,UMKM548,expense,649000.0,,2023-12-19 00:50:55,Celana Panjang Pria
TRX4236,UMKM548,income,544000.0,Pembayaran tunai,2023-02-17 00:50:55,Sepatu Formal Pria
TRX4237,UMKM548,expense,996000.0,,2023-05-03 00:50:55,Dress Anak Pesta
TRX4238,UMKM549,income,8828000.0,Transfer BRI,2021-12-22 04:32:44,Renovasi Kamar Mandi
TRX4239,UMKM549,expense,3403000.0,Cash,2022-07-16 04:32:44,Kost Putri Full Fasilitas
TRX4240,UMKM550,expense,1466000.0,Transfer Mandiri,2022-08-04 09:35:54,Kursus Komputer
TRX4241,UMKM550,expense,1234000.0,Transfer Mandiri,2022-12-30 09:35:54,Buku Resep Masakan
TRX4242,UMKM550,income,405000.0,OVO,2023-08-12 09:35:54,Buku Bisnis Online
TRX4243,UMKM550,income,312000.0,Dana,2023-05-06 09:35:54,Buku Bisnis Online
TRX4244,UMKM550,income,262000.0,Gopay,2023-07-29 09:35:54,Buku Bisnis Online
TRX4245,UMKM550,expense,843000.0,,2023-03-20 09:35:54,Kursus Bahasa Inggris
TRX4246,UMKM551,income,361000.0,OVO,2024-02-09 18:38:30,Nampan Serut
TRX4247,UMKM551,expense,332000.0,Transfer Mandiri,2025-01-04 18:38:30,Kalung Macrame
TRX4248,UMKM551,income,335000.0,,2025-02-07 18:38:30,Hiasan Koran Daur Ulang
TRX4249,UMKM552,income,953000.0,OVO,2025-05-06 21:07:19,Jaket Anak
TRX4250,UMKM552,income,379000.0,OVO,2023-08-26 21:07:19,Heels Wanita
TRX4251,UMKM552,expense,566000.0,Transfer BNI,2024-04-05 21:07:19,Kemeja Batik Pria
TRX4252,UMKM552,income,952000.0,Gopay,2024-07-10 21:07:19,Heels Wanita
TRX4253,UMKM552,income,443000.0,,2023-09-05 21:07:19,Sweater Pria
TRX4254,UMKM552,income,478000.0,Pembayaran tunai,2023-10-17 21:07:19,Heels Wanita
TRX4255,UMKM553,income,137000.0,Transfer BRI,2025-09-10 09:12:46,Bibit Jagung Hibrida
TRX4256,UMKM553,expense,150000.0,Transfer BNI,2025-07-06 09:12:46,Tepung Mocaf
TRX4257,UMKM553,expense,213000.0,Transfer Mandiri,2024-06-05 09:12:46,Jagung Pipil Kering
TRX4258,UMKM553,income,185000.0,Gopay,2024-07-31 09:12:46,Kacang Tanah
TRX4259,UMKM553,expense,160000.0,Transfer BNI,2025-05-09 09:12:46,Mesin Pompa Air
TRX4260,UMKM553,income,241000.0,Dana,2024-08-20 09:12:46,Bibit Jagung Hibrida
TRX4261,UMKM553,expense,78000.0,Tunai,2024-01-02 09:12:46,Selai Nanas
TRX4262,UMKM554,income,85000.0,Gopay,2025-01-16 02:04:48,Pulse Oximeter
TRX4263,UMKM554,income,226000.0,OVO,2024-01-27 02:04:48,Nebulizer
TRX4264,UMKM554,income,323000.0,Transfer BRI,2024-05-29 02:04:48,Tensimeter Digital
TRX4265,UMKM555,income,267000.0,,2023-01-05 21:51:32,Keripik Singkong Pedas
TRX4266,UMKM555,income,158000.0,Dana,2023-08-18 21:51:32,Keripik Singkong Pedas
TRX4267,UMKM555,income,285000.0,,2023-09-07 21:51:32,Catering Pernikahan
TRX4268,UMKM555,income,165000.0,OVO,2023-01-13 21:51:32,Paket Prasmanan
TRX4269,UMKM555,income,288000.0,Pembayaran tunai,2024-06-02 21:51:32,Keripik Singkong Pedas
TRX4270,UMKM555,income,116000.0,Gopay,2022-10-30 21:51:32,Snack Box Meeting
TRX4271,UMKM555,income,107000.0,Dana,2024-01-10 21:51:32,Keripik Singkong Pedas
TRX4272,UMKM555,expense,112000.0,Transfer Mandiri,2023-08-19 21:51:32,Snack Box Meeting
TRX4273,UMKM555,income,153000.0,Pembayaran tunai,2024-04-14 21:51:32,Paket Nasi Box
TRX4274,UMKM555,income,181000.0,Pembayaran tunai,2024-07-07 21:51:32,Paket Prasmanan
TRX4275,UMKM555,income,72000.0,Dana,2024-04-27 21:51:32,Catering Pernikahan
TRX4276,UMKM555,income,96000.0,OVO,2023-05-07 21:51:32,Keripik Singkong Pedas
TRX4277,UMKM555,income,262000.0,Gopay,2024-01-18 21:51:32,Catering Kantor
TRX4278,UMKM555,income,282000.0,Dana,2023-01-19 21:51:32,Keripik Singkong Pedas
TRX4279,UMKM555,expense,170000.0,,2023-04-23 21:51:32,
TRX4280,UMKM556,expense,1045000.0,Transfer Mandiri,2024-12-08 22:19:21,App Mobile Android
TRX4281,UMKM556,expense,2985000.0,Transfer BNI,2024-12-22 22:19:21,Instalasi CCTV
TRX4282,UMKM556,income,4706000.0,OVO,2023-10-18 22:19:21,Sistem ERP
TRX4283,UMKM556,expense,4035000.0,,2024-03-06 22:19:21,Software Akuntansi
TRX4284,UMKM556,expense,4874000.0,Tunai,2023-12-28 22:19:21,PC Rakitan
TRX4285,UMKM557,expense,1218000.0,Tunai,2023-11-27 09:02:23,Pengiriman Barang Kota
TRX4286,UMKM557,expense,1980000.0,Tunai,2024-10-20 09:02:23,Tune Up Mobil
TRX4287,UMKM557,income,1416000.0,Gopay,2024-10-21 09:02:23,Driver Harian
TRX4288,UMKM557,income,1504000.0,Gopay,2024-03-06 09:02:23,
TRX4289,UMKM557,expense,904000.0,Tunai,2024-06-30 09:02:23,
TRX4290,UMKM557,income,1430000.0,Dana,2024-02-20 09:02:23,Balancing Roda
TRX4291,UMKM558,income,278000.0,Gopay,2021-09-05 22:38:02,Jus Alpukat
TRX4292,UMKM558,income,151000.0,Transfer BRI,2021-11-05 22:38:02,Jus Alpukat
TRX4293,UMKM558,expense,221000.0,Transfer Mandiri,2023-07-10 22:38:02,Catering Kantor
TRX4294,UMKM558,expense,11000.0,Cash,2023-01-23 22:38:02,Bolu Kukus
TRX4295,UMKM558,expense,272000.0,,2023-06-30 22:38:02,Nasi Padang
TRX4296,UMKM558,income,59000.0,Transfer BRI,2022-11-27 22:38:02,Bakso Mercon
TRX4297,UMKM558,income,17000.0,OVO,2021-12-18 22:38:02,Catering Pernikahan
TRX4298,UMKM558,income,200000.0,Gopay,2023-01-14 22:38:02,
TRX4299,UMKM558,income,79000.0,Transfer BCA,2023-02-28 22:38:02,Paket Prasmanan
TRX4300,UMKM558,expense,32000.0,,2022-07-01 22:38:02,Dadar Gulung
TRX4301,UMKM558,income,33000.0,,2021-09-29 22:38:02,Jus Alpukat
TRX4302,UMKM558,income,107000.0,Gopay,2022-01-14 22:38:02,Paket Prasmanan
TRX4303,UMKM558,income,141000.0,Gopay,2023-03-18 22:38:02,Kue Cubit
TRX4304,UMKM558,expense,87000.0,Cash,2022-01-06 22:38:02,Pudding Coklat
TRX4305,UMKM559,income,636000.0,Transfer BRI,2022-11-04 17:57:01,Kursus Komputer
TRX4306,UMKM559,expense,1449000.0,Cash,2023-04-06 17:57:01,
TRX4307,UMKM559,expense,563000.0,Transfer Mandiri,2023-05-28 17:57:01,Pelatihan K3
TRX4308,UMKM559,expense,349000.0,Transfer Mandiri,2023-11-26 17:57:01,Buku Resep Masakan
TRX4309,UMKM559,expense,177000.0,Cash,2024-02-07 17:57:01,Kursus Editing Video
TRX4310,UMKM560,income,161000.0,Pembayaran tunai,2024-08-11 09:17:50,Singkong Segar
TRX4311,UMKM560,expense,114000.0,,2023-12-22 09:17:50,Bibit Jagung Hibrida
TRX4312,UMKM560,income,287000.0,Pembayaran tunai,2023-07-08 09:17:50,Singkong Segar
TRX4313,UMKM560,income,26000.0,OVO,2024-10-14 09:17:50,Keripik Pisang
TRX4314,UMKM560,income,193000.0,Pembayaran tunai,2024-10-03 09:17:50,Keripik Pisang
TRX4315,UMKM560,expense,241000.0,Cash,2024-12-14 09:17:50,Pupuk Kompos
TRX4316,UMKM561,expense,57000.0,Transfer Mandiri,2024-04-01 11:59:32,
TRX4317,UMKM561,income,292000.0,,2022-12-01 11:59:32,Gado-Gado
TRX4318,UMKM561,expense,119000.0,Transfer Mandiri,2024-08-04 11:59:32,Wedang Jahe
TRX4319,UMKM561,income,292000.0,OVO,2023-07-12 11:59:32,Klepon
TRX4320,UMKM561,expense,204000.0,,2023-08-09 11:59:32,Keripik Singkong Pedas
TRX4321,UMKM561,income,126000.0,,2023-01-24 11:59:32,Gado-Gado
TRX4322,UMKM561,expense,266000.0,Cash,2024-07-17 11:59:32,Paket Nasi Box
TRX4323,UMKM561,expense,152000.0,,2023-12-18 11:59:32,Seblak Kering
TRX4324,UMKM561,expense,29000.0,Transfer BNI,2024-02-01 11:59:32,Makaroni Goreng
TRX4325,UMKM561,income,200000.0,-,2024-07-16 11:59:32,Klepon
TRX4326,UMKM561,income,203000.0,Transfer BRI,2023-11-30 11:59:32,Gado-Gado
TRX4327,UMKM561,income,218000.0,Gopay,2024-05-30 11:59:32,Pudding Coklat
TRX4328,UMKM561,income,165000.0,,2023-12-17 11:59:32,Seblak Kering
TRX4329,UMKM561,expense,287000.0,,2023-04-13 11:59:32,Catering Pernikahan
TRX4330,UMKM561,income,32000.0,,2024-08-26 11:59:32,Seblak Kering
TRX4331,UMKM561,income,11000.0,OVO,2022-12-15 11:59:32,Seblak Kering
TRX4332,UMKM561,income,133000.0,Transfer BCA,2024-02-12 11:59:32,Gado-Gado
TRX4333,UMKM561,expense,108000.0,,2023-05-10 11:59:32,Dadar Gulung
TRX4334,UMKM562,expense,332000.0,-,2022-07-15 13:56:09,Pulse Oximeter
TRX4335,UMKM562,income,459000.0,,2023-07-23 13:56:09,
TRX4336,UMKM562,income,414000.0,OVO,2022-01-02 13:56:09,Tensimeter Digital
TRX4337,UMKM562,expense,455000.0,,2022-08-27 13:56:09,Tensimeter Digital
TRX4338,UMKM562,income,460000.0,Dana,2021-12-23 13:56:09,Temulawak Kapsul
TRX4339,UMKM562,income,241000.0,Dana,2022-11-20 13:56:09,Pulse Oximeter
TRX4340,UMKM563,expense,120000.0,Tunai,2024-07-08 10:10:37,Nasi Goreng Spesial
TRX4341,UMKM563,income,193000.0,,2023-06-07 10:10:37,Es Krim Lokal
TRX4342,UMKM563,income,284000.0,,2024-07-12 10:10:37,Risol Mayo
TRX4343,UMKM563,income,105000.0,Transfer BRI,2023-11-15 10:10:37,Klepon
TRX4344,UMKM563,expense,104000.0,Transfer Mandiri,2024-03-04 10:10:37,Snack Box Meeting
TRX4345,UMKM563,expense,155000.0,Transfer BNI,2023-07-12 10:10:37,Kue Cubit
TRX4346,UMKM563,income,234000.0,,2024-03-16 10:10:37,Matcha Latte
TRX4347,UMKM563,income,95000.0,Transfer BCA,2023-08-27 10:10:37,Risol Mayo
TRX4348,UMKM563,income,43000.0,,2024-01-14 10:10:37,Risol Mayo
TRX4349,UMKM563,income,100000.0,Dana,2023-10-07 10:10:37,Matcha Latte
TRX4350,UMKM563,expense,93000.0,Transfer Mandiri,2024-07-05 10:10:37,Gado-Gado
TRX4351,UMKM563,income,268000.0,Gopay,2024-03-22 10:10:37,Matcha Latte
TRX4352,UMKM563,income,66000.0,Transfer BCA,2024-03-07 10:10:37,Matcha Latte
TRX4353,UMKM563,expense,198000.0,Tunai,2023-10-12 10:10:37,Rendang Padang
TRX4354,UMKM563,expense,25000.0,Cash,2024-04-03 10:10:37,Makaroni Goreng
TRX4355,UMKM563,income,224000.0,OVO,2023-11-09 10:10:37,Brownies Kukus
TRX4356,UMKM564,income,335000.0,,2022-08-27 20:48:42,Kaos Polos Pria
TRX4357,UMKM564,income,619000.0,Gopay,2022-03-09 20:48:42,Sepatu Sneakers
TRX4358,UMKM564,expense,320000.0,Transfer Mandiri,2021-10-24 20:48:42,Celana Panjang Pria
TRX4359,UMKM564,income,183000.0,Transfer BRI,2022-12-14 20:48:42,Kaos Polos Pria
TRX4360,UMKM564,income,214000.0,Pembayaran tunai,2021-09-18 20:48:42,Kaos Polos Pria
TRX4361,UMKM564,expense,648000.0,,2022-04-01 20:48:42,Gamis Syari
TRX4362,UMKM564,income,916000.0,,2022-10-03 20:48:42,Sepatu Sneakers
TRX4363,UMKM564,expense,311000.0,,2021-09-12 20:48:42,
TRX4364,UMKM564,expense,55000.0,,2022-01-19 20:48:42,Sepatu Formal Pria
TRX4365,UMKM564,expense,388000.0,Cash,2021-07-21 20:48:42,
TRX4366,UMKM565,expense,527000.0,,2023-09-11 21:35:53,Anting Mutiara
TRX4367,UMKM565,expense,776000.0,Tunai,2023-05-14 21:35:53,
TRX4368,UMKM565,income,208000.0,,2024-02-14 21:35:53,Dress Anak Pesta
TRX4369,UMKM565,income,90000.0,,2023-07-08 21:35:53,Baju Tidur Anak
TRX4370,UMKM565,expense,207000.0,Transfer BNI,2023-07-20 21:35:53,Sandal Casual
TRX4371,UMKM565,income,1000000.0,Transfer BRI,2023-10-05 21:35:53,Baju Tidur Anak
TRX4372,UMKM565,income,380000.0,Gopay,2023-07-24 21:35:53,Kaos Anak Motif
TRX4373,UMKM565,income,661000.0,,2023-04-07 21:35:53,Jaket Anak
TRX4374,UMKM565,income,102000.0,Gopay,2023-09-06 21:35:53,Kaos Anak Motif
TRX4375,UMKM566,income,842000.0,Transfer BCA,2023-08-24 17:31:35,Sweater Pria
TRX4376,UMKM566,income,690000.0,Gopay,2024-12-21 17:31:35,Sweater Pria
TRX4377,UMKM566,expense,680000.0,Cash,2025-01-25 17:31:35,Sepatu Boots
TRX4378,UMKM566,income,913000.0,Dana,2023-09-12 17:31:35,Sweater Pria
TRX4379,UMKM566,income,727000.0,OVO,2023-11-21 17:31:35,Heels Wanita
TRX4380,UMKM566,income,358000.0,OVO,2025-01-30 17:31:35,Dompet Wanita
TRX4381,UMKM566,expense,552000.0,,2024-08-04 17:31:35,Celana Pendek Anak
TRX4382,UMKM567,income,429000.0,,2023-06-04 12:38:52,Kotak Perhiasan Kayu
TRX4383,UMKM567,expense,318000.0,Tunai,2023-10-20 12:38:52,Mug Foto
TRX4384,UMKM567,income,306000.0,Transfer BCA,2023-11-20 12:38:52,Kotak Perhiasan Kayu
TRX4385,UMKM567,income,208000.0,,2023-07-13 12:38:52,Kotak Perhiasan Kayu
TRX4386,UMKM567,expense,62000.0,Transfer BNI,2022-03-26 12:38:52,Kaos Souvenir
TRX4387,UMKM568,income,167000.0,Transfer BRI,2022-03-18 02:57:41,Dadar Gulung
TRX4388,UMKM568,expense,274000.0,Transfer BNI,2022-07-31 02:57:41,
TRX4389,UMKM568,expense,117000.0,-,2023-02-23 02:57:41,
TRX4390,UMKM568,income,99000.0,Pembayaran tunai,2022-11-14 02:57:41,Brownies Kukus
TRX4391,UMKM568,income,271000.0,OVO,2022-06-04 02:57:41,Dadar Gulung
TRX4392,UMKM568,income,39000.0,Dana,2023-01-26 02:57:41,Dadar Gulung
TRX4393,UMKM568,income,263000.0,,2022-03-06 02:57:41,Brownies Kukus
TRX4394,UMKM568,income,86000.0,Pembayaran tunai,2021-06-27 02:57:41,
TRX4395,UMKM568,expense,217000.0,Tunai,2022-07-06 02:57:41,Rendang Padang
TRX4396,UMKM568,income,283000.0,Dana,2021-08-27 02:57:41,Dadar Gulung
TRX4397,UMKM568,income,279000.0,OVO,2021-09-15 02:57:41,Dadar Gulung
TRX4398,UMKM569,income,211000.0,Transfer BCA,2023-06-23 00:49:30,Paket Nasi Box
TRX4399,UMKM569,expense,52000.0,Cash,2022-09-23 00:49:30,
TRX4400,UMKM569,income,183000.0,OVO,2023-01-10 00:49:30,Catering Kantor
TRX4401,UMKM569,income,118000.0,Pembayaran tunai,2022-07-31 00:49:30,Gado-Gado
TRX4402,UMKM569,expense,114000.0,,2022-04-21 00:49:30,Teh Tarik
TRX4403,UMKM569,income,174000.0,Transfer BRI,2023-09-21 00:49:30,Snack Box Meeting
TRX4404,UMKM569,income,174000.0,Transfer BRI,2022-08-02 00:49:30,Gado-Gado
TRX4405,UMKM569,expense,189000.0,Transfer Mandiri,2023-02-21 00:49:30,Es Krim Lokal
TRX4406,UMKM569,income,155000.0,Transfer BRI,2022-06-11 00:49:30,Gado-Gado
TRX4407,UMKM569,income,116000.0,Transfer BRI,2022-11-28 00:49:30,Snack Box Meeting
TRX4408,UMKM569,expense,276000.0,,2022-07-25 00:49:30,Opak Angin
TRX4409,UMKM569,income,248000.0,,2022-02-15 00:49:30,Snack Box Meeting
TRX4410,UMKM570,expense,1199000.0,Transfer Mandiri,2024-06-17 00:12:32,Antar Jemput Bandara
TRX4411,UMKM570,expense,1736000.0,Cash,2024-07-13 00:12:32,Antar Jemput Sekolah
TRX4412,UMKM570,expense,1590000.0,Tunai,2024-11-23 00:12:32,Tune Up Mobil
TRX4413,UMKM570,expense,1379000.0,Tunai,2024-11-18 00:12:32,
TRX4414,UMKM571,income,68000.0,Gopay,2022-08-26 11:23:01,Sewa Motor Harian
TRX4415,UMKM571,income,284000.0,,2022-10-26 11:23:01,Paket Umroh
TRX4416,UMKM571,income,1419000.0,Transfer BCA,2022-12-23 11:23:01,Paket Umroh
TRX4417,UMKM571,expense,758000.0,Cash,2023-10-03 11:23:01,
TRX4418,UMKM571,income,962000.0,-,2022-07-07 11:23:01,Paket Umroh
TRX4419,UMKM572,income,1084000.0,Pembayaran tunai,2024-06-15 22:44:50,Servis Laptop
TRX4420,UMKM572,expense,2730000.0,Transfer Mandiri,2023-12-08 22:44:50,Voice Over
TRX4421,UMKM572,income,2613000.0,OVO,2024-06-11 22:44:50,Servis AC Split
TRX4422,UMKM572,income,2644000.0,,2023-05-15 22:44:50,Servis AC Split
TRX4423,UMKM572,income,1098000.0,Transfer BRI,2024-07-31 22:44:50,Servis Laptop
TRX4424,UMKM572,income,263000.0,Transfer BCA,2023-12-31 22:44:50,Servis AC Split
TRX4425,UMKM572,income,2895000.0,,2024-09-25 22:44:50,Servis Laptop
TRX4426,UMKM572,expense,1414000.0,Cash,2023-12-18 22:44:50,Servis Mesin Cuci
TRX4427,UMKM572,expense,1662000.0,Tunai,2024-07-07 22:44:50,Servis Mesin Cuci
TRX4428,UMKM573,income,483000.0,Pembayaran tunai,2023-05-27 07:16:18,Jamu Beras Kencur
TRX4429,UMKM573,expense,422000.0,,2023-12-05 07:16:18,
TRX4430,UMKM573,expense,498000.0,Tunai,2022-11-04 07:16:18,Temulawak Kapsul
TRX4431,UMKM573,income,73000.0,Pembayaran tunai,2022-05-22 07:16:18,Refleksi Kaki
TRX4432,UMKM574,income,445000.0,Dana,2022-05-18 22:15:05,Rok Midi
TRX4433,UMKM574,income,312000.0,OVO,2023-02-21 22:15:05,Baju Tidur Anak
TRX4434,UMKM574,income,603000.0,Dana,2022-11-07 22:15:05,Baju Tidur Anak
TRX4435,UMKM574,income,791000.0,OVO,2023-05-01 22:15:05,Sepatu Boots
TRX4436,UMKM574,income,339000.0,Transfer BRI,2021-07-30 22:15:05,Setelan Anak Lucu
TRX4437,UMKM574,expense,75000.0,Cash,2023-01-26 22:15:05,
TRX4438,UMKM574,income,983000.0,Transfer BRI,2022-03-01 22:15:05,Sepatu Boots
TRX4439,UMKM574,income,579000.0,,2023-03-28 22:15:05,Sepatu Boots
TRX4440,UMKM574,expense,891000.0,,2023-03-10 22:15:05,Topi Baseball
TRX4441,UMKM575,expense,838000.0,Cash,2023-08-25 19:22:14,Gelang Perak
TRX4442,UMKM575,income,433000.0,,2022-07-13 19:22:14,Setelan Anak Lucu
TRX4443,UMKM575,expense,576000.0,Cash,2023-04-27 19:22:14,Celana Pendek Anak
TRX4444,UMKM575,income,872000.0,Gopay,2022-06-22 19:22:14,Celana Pendek Anak
TRX4445,UMKM575,income,570000.0,Pembayaran tunai,2022-12-27 19:22:14,Gamis Syari
TRX4446,UMKM575,income,506000.0,Dana,2024-01-14 19:22:14,Celana Pendek Anak
TRX4447,UMKM576,expense,2093000.0,,2022-05-03 04:21:02,Desain Logo
TRX4448,UMKM576,expense,279000.0,Cash,2022-07-19 04:21:02,Paket Ulang Tahun
TRX4449,UMKM576,income,1314000.0,,2023-07-01 04:21:02,Penerjemah Dokumen
TRX4450,UMKM576,income,2768000.0,Transfer BRI,2023-02-02 04:21:02,Servis HP
TRX4451,UMKM576,expense,888000.0,-,2023-05-16 04:21:02,Desain Logo
TRX4452,UMKM576,income,1412000.0,Dana,2023-01-01 04:21:02,Konsultasi Hukum
TRX4453,UMKM576,expense,2204000.0,Transfer BNI,2022-06-03 04:21:02,Desain Banner
TRX4454,UMKM576,income,437000.0,OVO,2021-11-03 04:21:02,Konsultasi Marketing
TRX4455,UMKM576,expense,493000.0,Transfer Mandiri,2023-06-10 04:21:02,Editing Video
TRX4456,UMKM576,income,785000.0,,2022-09-09 04:21:02,Konsultasi Hukum
TRX4457,UMKM577,expense,410000.0,Cash,2023-04-20 00:56:42,Nebulizer
TRX4458,UMKM577,expense,290000.0,,2023-05-22 00:56:42,Probiotik Sachet
TRX4459,UMKM577,expense,288000.0,Transfer BNI,2023-12-17 00:56:42,Refleksi Kaki
TRX4460,UMKM577,expense,18000.0,Tunai,2023-06-25 00:56:42,Layanan Perawat Rumah
TRX4461,UMKM577,expense,335000.0,Tunai,2023-11-14 00:56:42,
TRX4462,UMKM577,expense,48000.0,,2023-04-08 00:56:42,Layanan Bidan
TRX4463,UMKM578,income,3953000.0,Dana,2023-11-14 19:26:17,Kost Putra AC
TRX4464,UMKM579,income,1422000.0,Transfer BRI,2024-03-31 19:21:55,Les Privat Matematika
TRX4465,UMKM579,expense,1339000.0,Cash,2024-04-17 19:21:55,Kursus Editing Video
TRX4466,UMKM579,expense,486000.0,Transfer BNI,2023-04-05 19:21:55,Pelatihan K3
TRX4467,UMKM579,income,1453000.0,Transfer BRI,2023-02-25 19:21:55,Buku Bisnis Online
TRX4468,UMKM579,income,918000.0,,2024-01-28 19:21:55,Les Privat Matematika
TRX4469,UMKM579,income,262000.0,Pembayaran tunai,2023-01-02 19:21:55,Les Privat Matematika
TRX4470,UMKM579,expense,471000.0,Transfer Mandiri,2024-02-06 19:21:55,Les Piano
TRX4471,UMKM579,income,1151000.0,OVO,2024-03-27 19:21:55,Pelatihan Leadership
TRX4472,UMKM580,income,2978000.0,,2024-03-08 08:16:56,Konsultasi Pajak
TRX4473,UMKM580,income,1882000.0,,2024-07-07 08:16:56,Konsultasi Hukum
TRX4474,UMKM580,expense,2748000.0,,2023-04-26 08:16:56,
TRX4475,UMKM580,income,395000.0,Transfer BRI,2024-05-21 08:16:56,Voice Over
TRX4476,UMKM580,income,2910000.0,Dana,2024-03-05 08:16:56,Data Entry
TRX4477,UMKM580,income,729000.0,OVO,2023-10-26 08:16:56,Konsultasi Hukum
TRX4478,UMKM580,income,197000.0,Gopay,2024-01-17 08:16:56,Editing Video
TRX4479,UMKM580,income,1980000.0,OVO,2023-12-03 08:16:56,Konsultasi Keuangan
TRX4480,UMKM580,income,1458000.0,,2022-12-23 08:16:56,Editing Video
TRX4481,UMKM580,income,255000.0,Dana,2023-07-28 08:16:56,Data Entry
TRX4482,UMKM581,income,49000.0,Gopay,2022-10-02 16:34:21,Wedang Jahe
TRX4483,UMKM581,income,42000.0,Transfer BRI,2022-06-10 16:34:21,Wedang Jahe
TRX4484,UMKM581,income,32000.0,Transfer BCA,2022-02-25 16:34:21,Pecel Lele
TRX4485,UMKM581,income,96000.0,OVO,2022-06-23 16:34:21,Wedang Jahe
TRX4486,UMKM581,expense,133000.0,,2021-12-06 16:34:21,Dadar Gulung
TRX4487,UMKM581,expense,290000.0,Cash,2021-10-15 16:34:21,Klepon
TRX4488,UMKM581,expense,41000.0,Cash,2022-10-03 16:34:21,Risol Mayo
TRX4489,UMKM581,expense,299000.0,Transfer BNI,2023-04-14 16:34:21,Wedang Jahe
TRX4490,UMKM581,income,121000.0,Dana,2021-06-09 16:34:21,Gado-Gado
TRX4491,UMKM581,expense,137000.0,Transfer Mandiri,2021-08-06 16:34:21,Nasi Goreng Spesial
TRX4492,UMKM581,expense,213000.0,,2022-08-29 16:34:21,Es Campur
TRX4493,UMKM581,income,203000.0,,2022-10-04 16:34:21,Paket Prasmanan
TRX4494,UMKM581,expense,235000.0,Transfer Mandiri,2023-02-04 16:34:21,
TRX4495,UMKM582,expense,217000.0,Transfer BNI,2023-02-03 09:08:20,
TRX4496,UMKM582,expense,231000.0,Transfer Mandiri,2021-10-12 09:08:20,Keripik Pisang
TRX4497,UMKM582,income,171000.0,Transfer BCA,2021-08-27 09:08:20,Mesin Pompa Air
TRX4498,UMKM582,income,18000.0,Dana,2022-03-16 09:08:20,Mesin Pompa Air
TRX4499,UMKM582,expense,209000.0,Tunai,2022-03-08 09:08:20,Ubi Jalar
TRX4500,UMKM582,expense,70000.0,Transfer Mandiri,2022-02-02 09:08:20,Kacang Tanah
TRX4501,UMKM583,income,1145000.0,Dana,2023-07-18 02:23:42,Kursus Komputer
TRX4502,UMKM583,income,62000.0,Dana,2022-07-27 02:23:42,Kursus Komputer
TRX4503,UMKM583,income,1363000.0,Dana,2021-12-31 02:23:42,Kursus Memasak
TRX4504,UMKM583,expense,1316000.0,Tunai,2023-08-10 02:23:42,Les Privat Matematika
TRX4505,UMKM583,income,179000.0,Dana,2023-05-19 02:23:42,Kursus Memasak
TRX4506,UMKM583,expense,1249000.0,Transfer Mandiri,2023-11-15 02:23:42,Kursus Menjahit
TRX4507,UMKM583,expense,143000.0,Tunai,2023-05-02 02:23:42,Les Piano
TRX4508,UMKM583,expense,1485000.0,Cash,2021-12-31 02:23:42,Bimbel Bahasa Inggris
TRX4509,UMKM584,expense,198000.0,,2024-09-09 18:55:40,Kursus Digital Marketing
TRX4510,UMKM584,income,782000.0,Transfer BRI,2023-09-17 18:55:40,Kursus Public Speaking
TRX4511,UMKM584,income,1079000.0,Gopay,2025-01-27 18:55:40,Kursus Public Speaking
TRX4512,UMKM584,expense,267000.0,Transfer BNI,2024-05-17 18:55:40,Les Piano
TRX4518,UMKM586,income,205000.0,OVO,2024-05-01 22:27:00,Sabit Intan
TRX4519,UMKM586,expense,212000.0,,2024-05-15 22:27:00,Jagung Pipil Kering
TRX4520,UMKM586,income,25000.0,Dana,2023-01-16 22:27:00,Traktor Mini
TRX4521,UMKM587,income,247000.0,Transfer BCA,2021-09-23 01:12:01,Catering Pernikahan
TRX4522,UMKM587,income,85000.0,Gopay,2022-04-02 01:12:01,Seblak Kering
TRX4523,UMKM587,income,278000.0,OVO,2021-11-02 01:12:01,Brownies Kukus
TRX4524,UMKM587,income,117000.0,Transfer BRI,2022-09-06 01:12:01,Seblak Kering
TRX4525,UMKM587,income,74000.0,Transfer BRI,2021-03-12 01:12:01,Catering Pernikahan
TRX4526,UMKM587,income,205000.0,Transfer BRI,2022-11-26 01:12:01,Brownies Kukus
TRX4527,UMKM587,income,284000.0,Pembayaran tunai,2022-06-26 01:12:01,Seblak Kering
TRX4528,UMKM587,income,156000.0,Dana,2022-08-08 01:12:01,Catering Pernikahan
TRX4529,UMKM587,income,78000.0,,2022-11-09 01:12:01,Brownies Kukus
TRX4530,UMKM587,income,157000.0,Pembayaran tunai,2022-01-31 01:12:01,Seblak Kering
TRX4531,UMKM587,expense,196000.0,Tunai,2022-08-15 01:12:01,Risol Mayo
TRX4532,UMKM587,income,10000.0,Dana,2021-05-25 01:12:01,Brownies Kukus
TRX4533,UMKM587,expense,288000.0,Transfer Mandiri,2021-11-21 01:12:01,
TRX4534,UMKM587,income,289000.0,,2022-03-15 01:12:01,Catering Pernikahan
TRX4535,UMKM587,income,77000.0,,2022-05-16 01:12:01,Catering Pernikahan
TRX4536,UMKM587,income,68000.0,Transfer BCA,2021-11-14 01:12:01,Seblak Kering
TRX4537,UMKM587,income,26000.0,Transfer BCA,2022-04-20 01:12:01,Brownies Kukus
TRX4538,UMKM588,income,120000.0,,2025-03-13 17:39:07,Servis Laptop
TRX4539,UMKM588,expense,2445000.0,,2023-11-14 17:39:07,Data Entry
TRX4540,UMKM588,income,2543000.0,Transfer BCA,2025-03-07 17:39:07,Servis Laptop
TRX4541,UMKM588,expense,1714000.0,Transfer BNI,2024-04-06 17:39:07,Desain Undangan
TRX4542,UMKM588,income,2300000.0,Transfer BRI,2025-01-16 17:39:07,Servis Laptop
TRX4543,UMKM588,expense,2342000.0,,2025-08-24 17:39:07,
TRX4544,UMKM588,expense,448000.0,Cash,2024-01-18 17:39:07,Desain Banner
TRX4545,UMKM588,income,1348000.0,Transfer BCA,2025-05-24 17:39:07,
TRX4546,UMKM589,income,132000.0,Pembayaran tunai,2024-09-17 20:48:29,Mug Foto
TRX4547,UMKM589,income,408000.0,Gopay,2023-12-12 20:48:29,Nampan Serut
TRX4548,UMKM589,income,404000.0,Transfer BRI,2024-03-26 20:48:29,Kaos Souvenir
TRX4549,UMKM590,expense,181000.0,Tunai,2022-12-21 03:13:20,Kue Cubit
TRX4550,UMKM590,income,113000.0,Transfer BCA,2022-11-06 03:13:20,Wedang Jahe
TRX4551,UMKM590,income,216000.0,Gopay,2022-06-28 03:13:20,
TRX4552,UMKM590,expense,267000.0,Transfer BNI,2022-06-02 03:13:20,Catering Pernikahan
TRX4553,UMKM590,income,77000.0,Gopay,2023-07-20 03:13:20,Wedang Jahe
TRX4554,UMKM590,income,87000.0,,2023-02-28 03:13:20,Wedang Jahe
TRX4555,UMKM590,expense,99000.0,,2021-10-30 03:13:20,Nasi Goreng Spesial
TRX4556,UMKM590,income,118000.0,,2023-04-21 03:13:20,Wedang Jahe
TRX4557,UMKM590,expense,134000.0,Transfer BNI,2022-12-05 03:13:20,Dadar Gulung
TRX4558,UMKM590,expense,104000.0,Transfer BNI,2022-08-25 03:13:20,
TRX4559,UMKM590,expense,63000.0,,2022-11-06 03:13:20,Opak Angin
TRX4560,UMKM590,income,97000.0,Pembayaran tunai,2022-03-17 03:13:20,Wedang Jahe
TRX4561,UMKM590,income,295000.0,Transfer BRI,2023-06-29 03:13:20,Wedang Jahe
TRX4562,UMKM590,expense,32000.0,Transfer Mandiri,2023-06-11 03:13:20,Jus Alpukat
TRX4563,UMKM590,income,286000.0,OVO,2023-03-06 03:13:20,Wedang Jahe
TRX4564,UMKM591,income,3878000.0,Gopay,2022-03-12 17:30:54,Aplikasi Inventory
TRX4565,UMKM591,income,4602000.0,Pembayaran tunai,2023-03-13 17:30:54,App Mobile Android
TRX4566,UMKM591,expense,699000.0,Transfer Mandiri,2022-01-14 17:30:54,App Pemesanan Online
TRX4567,UMKM591,income,2481000.0,Dana,2022-01-29 17:30:54,Aplikasi HR
TRX4568,UMKM591,income,651000.0,,2023-11-23 17:30:54,App Pemesanan Online
TRX4569,UMKM591,income,2153000.0,Gopay,2023-07-11 17:30:54,Software Akuntansi
TRX4570,UMKM591,income,904000.0,,2023-10-01 17:30:54,App Pemesanan Online
TRX4571,UMKM591,expense,1717000.0,Transfer BNI,2022-01-21 17:30:54,Aplikasi Inventory
TRX4572,UMKM591,income,4856000.0,Gopay,2022-07-07 17:30:54,App Pemesanan Online
TRX4573,UMKM592,income,548000.0,Pembayaran tunai,2022-01-14 01:45:58,Sepatu Formal Pria
TRX4574,UMKM592,income,388000.0,Pembayaran tunai,2022-02-17 01:45:58,Sepatu Formal Pria
TRX4575,UMKM592,income,415000.0,Transfer BRI,2022-04-24 01:45:58,Celana Kulot
TRX4576,UMKM592,income,181000.0,Transfer BRI,2021-05-22 01:45:58,Celana Kulot
TRX4577,UMKM592,income,737000.0,Pembayaran tunai,2023-02-11 01:45:58,Celana Kulot
TRX4578,UMKM592,income,721000.0,Dana,2022-12-28 01:45:58,Tunik Polos
TRX4579,UMKM592,expense,290000.0,Transfer Mandiri,2021-08-14 01:45:58,Slip On Polos
TRX4580,UMKM592,income,152000.0,Transfer BCA,2022-04-26 01:45:58,Celana Pendek Anak
TRX4581,UMKM592,income,341000.0,Transfer BRI,2022-09-21 01:45:58,Celana Kulot
TRX4582,UMKM593,income,1318000.0,Transfer BCA,2022-07-28 12:35:39,Kurir Ekspres Lokal
TRX4583,UMKM593,income,192000.0,Gopay,2022-12-12 12:35:39,Kurir Ekspres Lokal
TRX4584,UMKM593,income,1893000.0,Dana,2021-05-08 12:35:39,
TRX4585,UMKM593,expense,446000.0,Transfer BNI,2021-07-02 12:35:39,Paket Wisata Bali
TRX4586,UMKM593,expense,700000.0,,2021-06-02 12:35:39,Ekspedisi Antar Pulau
TRX4587,UMKM593,income,1045000.0,,2021-08-19 12:35:39,Kurir Ekspres Lokal
TRX4588,UMKM593,expense,972000.0,Cash,2022-01-15 12:35:39,Open Trip Bromo
TRX4589,UMKM594,expense,1444000.0,,2025-07-22 03:21:04,Penulisan Artikel SEO
TRX4590,UMKM594,income,2624000.0,Transfer BRI,2025-05-26 03:21:04,Konsultasi Keuangan
TRX4591,UMKM594,expense,2800000.0,Transfer Mandiri,2025-05-05 03:21:04,Servis Mesin Cuci
TRX4592,UMKM594,income,1352000.0,OVO,2025-01-03 03:21:04,Konsultasi Marketing
TRX4593,UMKM594,expense,2940000.0,,2024-03-16 03:21:04,Servis Laptop
TRX4594,UMKM595,income,1246000.0,,2023-03-24 02:45:42,Tour Domestik
TRX4595,UMKM595,income,362000.0,Dana,2021-11-26 02:45:42,Tour Domestik
TRX4596,UMKM595,income,1208000.0,Pembayaran tunai,2023-01-12 02:45:42,Tour Domestik
TRX4597,UMKM595,expense,1210000.0,Cash,2022-01-11 02:45:42,Jasa Titip Belanja
TRX4598,UMKM595,expense,796000.0,,2023-02-09 02:45:42,Kurir Ekspres Lokal
TRX4599,UMKM595,expense,1704000.0,Transfer BNI,2023-03-14 02:45:42,Driver Harian
TRX4600,UMKM595,income,697000.0,Transfer BCA,2022-03-24 02:45:42,Tour Domestik
TRX4601,UMKM595,income,927000.0,Dana,2022-09-28 02:45:42,Tour Domestik
TRX4602,UMKM596,income,790000.0,,2022-05-22 20:03:04,Desain Undangan
TRX4603,UMKM596,expense,119000.0,Transfer Mandiri,2022-03-31 20:03:04,
TRX4604,UMKM596,expense,1382000.0,,2023-06-26 20:03:04,Konsultasi Hukum
TRX4605,UMKM596,income,1108000.0,Pembayaran tunai,2022-05-21 20:03:04,Konsultasi Hukum
TRX4606,UMKM596,income,1007000.0,Pembayaran tunai,2022-07-25 20:03:04,Desain Undangan
TRX4607,UMKM596,expense,2724000.0,Cash,2023-03-07 20:03:04,Gathering Perusahaan
TRX4608,UMKM596,income,1886000.0,Gopay,2021-12-03 20:03:04,Editing Video
TRX4609,UMKM596,income,1233000.0,Gopay,2023-02-28 20:03:04,Editing Video
TRX4610,UMKM596,expense,1572000.0,,2022-04-03 20:03:04,Desain Kemasan
TRX4611,UMKM597,income,73000.0,Dana,2021-12-30 03:57:40,Paket Prasmanan
TRX4612,UMKM597,expense,174000.0,Tunai,2022-12-11 03:57:40,Pecel Lele
TRX4613,UMKM597,income,250000.0,Dana,2021-11-10 03:57:40,Paket Prasmanan
TRX4614,UMKM597,income,241000.0,OVO,2022-04-26 03:57:40,Paket Prasmanan
TRX4615,UMKM597,income,233000.0,-,2021-06-07 03:57:40,Klepon
TRX4616,UMKM597,income,188000.0,Transfer BRI,2021-04-19 03:57:40,Es Krim Lokal
TRX4617,UMKM597,expense,161000.0,Tunai,2021-12-21 03:57:40,Gado-Gado
TRX4618,UMKM597,income,254000.0,,2021-10-17 03:57:40,Catering Pernikahan
TRX4619,UMKM597,income,287000.0,Transfer BCA,2022-04-15 03:57:40,
TRX4620,UMKM597,income,60000.0,Dana,2022-05-31 03:57:40,Klepon
TRX4621,UMKM597,income,94000.0,Gopay,2021-10-24 03:57:40,Es Krim Lokal
TRX4622,UMKM597,income,46000.0,OVO,2022-10-12 03:57:40,Es Krim Lokal
TRX4623,UMKM597,income,148000.0,Transfer BRI,2022-03-12 03:57:40,Es Krim Lokal
TRX4624,UMKM597,income,76000.0,Pembayaran tunai,2022-01-05 03:57:40,Klepon
TRX4625,UMKM597,income,280000.0,Transfer BRI,2021-04-03 03:57:40,Catering Pernikahan
TRX4626,UMKM597,income,105000.0,-,2022-09-29 03:57:40,Es Krim Lokal
TRX4627,UMKM597,income,139000.0,Dana,2022-04-29 03:57:40,Klepon
TRX4628,UMKM598,expense,49000.0,Tunai,2023-10-14 16:31:15,Bibit Padi Ciherang
TRX4629,UMKM598,expense,48000.0,,2024-08-10 16:31:15,Tepung Mocaf
TRX4630,UMKM598,income,19000.0,Transfer BCA,2025-07-24 16:31:15,Mesin Pompa Air
TRX4631,UMKM598,income,269000.0,,2023-09-11 16:31:15,Kacang Tanah
TRX4632,UMKM599,expense,355000.0,Transfer BNI,2023-10-19 11:28:07,Setup Server
TRX4633,UMKM599,income,4866000.0,OVO,2022-04-05 11:28:07,Printer Thermal
TRX4634,UMKM599,income,4842000.0,,2022-09-27 11:28:07,Printer Thermal
TRX4635,UMKM599,income,3418000.0,,2023-09-24 11:28:07,Software Akuntansi
TRX4636,UMKM599,income,4933000.0,Gopay,2022-01-23 11:28:07,Pembuatan Website
TRX4637,UMKM599,income,1842000.0,OVO,2022-08-06 11:28:07,Scanner Barcode
TRX4638,UMKM600,income,489000.0,OVO,2023-10-01 13:44:50,Jam Dinding Kayu
TRX4639,UMKM600,expense,43000.0,Transfer BNI,2024-07-11 13:44:50,Pot Tanah Liat
TRX4640,UMKM600,income,307000.0,Pembayaran tunai,2022-11-25 13:44:50,Tas Rajut
TRX4641,UMKM600,income,158000.0,Pembayaran tunai,2023-01-10 13:44:50,Vas Bunga Keramik
TRX4642,UMKM601,expense,2326000.0,Tunai,2023-04-13 06:06:09,Konsultasi Keuangan
TRX4643,UMKM601,expense,2310000.0,Transfer Mandiri,2023-03-04 06:06:09,Desain Feed Instagram
TRX4644,UMKM601,income,2033000.0,Dana,2023-08-16 06:06:09,
TRX4645,UMKM601,income,2778000.0,OVO,2023-08-13 06:06:09,Paket Ulang Tahun
TRX4646,UMKM601,expense,708000.0,,2022-05-27 06:06:09,Konsultasi Pajak
TRX4647,UMKM601,income,1598000.0,Transfer BRI,2022-10-27 06:06:09,Konsultasi Hukum
TRX4648,UMKM601,income,1707000.0,Pembayaran tunai,2022-05-09 06:06:09,Konsultasi Hukum
TRX4649,UMKM601,expense,1014000.0,Transfer Mandiri,2023-10-01 06:06:09,Penerjemah Dokumen
TRX4650,UMKM602,expense,4930000.0,,2024-09-26 20:42:45,Platform E-commerce
TRX4651,UMKM602,expense,2483000.0,Tunai,2024-09-10 20:42:45,Kamera IP CCTV
TRX4652,UMKM602,income,1196000.0,Gopay,2023-10-30 20:42:45,Setup Server
TRX4653,UMKM602,expense,3906000.0,Tunai,2024-04-13 20:42:45,Sistem ERP
TRX4654,UMKM602,income,4205000.0,OVO,2025-01-01 20:42:45,
TRX4655,UMKM603,expense,286000.0,Tunai,2024-11-20 19:07:52,Nampan Serut
TRX4656,UMKM603,income,71000.0,Dana,2024-02-23 19:07:52,Nampan Serut
TRX4657,UMKM603,expense,228000.0,Transfer Mandiri,2025-07-11 19:07:52,Lampu Botol Kaca
TRX4658,UMKM604,income,3080000.0,Transfer BCA,2024-06-13 13:32:11,Software Akuntansi
TRX4659,UMKM604,income,4213000.0,-,2024-08-03 13:32:11,Router WiFi
TRX4660,UMKM604,income,186000.0,Transfer BCA,2022-10-01 13:32:11,Website Company Profile
TRX4661,UMKM604,expense,2056000.0,,2023-11-27 13:32:11,Sensor Suhu Gudang
TRX4662,UMKM605,income,918000.0,Transfer BCA,2023-03-06 19:16:55,Celana Kulot
TRX4663,UMKM605,income,875000.0,Transfer BRI,2022-06-08 19:16:55,Ikat Pinggang Pria
TRX4664,UMKM605,income,678000.0,Dana,2023-11-15 19:16:55,
TRX4665,UMKM605,income,750000.0,,2023-04-21 19:16:55,Topi Baseball
TRX4666,UMKM605,expense,219000.0,,2022-04-19 19:16:55,Ikat Pinggang Pria
TRX4667,UMKM605,income,825000.0,Pembayaran tunai,2023-08-11 19:16:55,Rok Midi
TRX4668,UMKM605,income,576000.0,-,2023-07-08 19:16:55,Sweater Pria
TRX4669,UMKM605,income,193000.0,Transfer BCA,2023-05-25 19:16:55,Topi Baseball
TRX4670,UMKM605,expense,506000.0,Transfer BNI,2023-12-02 19:16:55,Heels Wanita
TRX4671,UMKM606,income,3108000.0,Pembayaran tunai,2022-10-17 07:31:09,Pemasangan Wallpaper
TRX4672,UMKM606,income,3435000.0,OVO,2023-01-05 07:31:09,
TRX4673,UMKM607,income,1209000.0,Pembayaran tunai,2021-10-05 00:40:42,Kursus Desain Canva
TRX4674,UMKM607,income,1208000.0,Gopay,2022-03-19 00:40:42,Kursus Desain Canva
TRX4675,UMKM607,income,1400000.0,Transfer BRI,2023-01-16 00:40:42,Kursus Desain Canva
TRX4676,UMKM607,expense,349000.0,Transfer BNI,2022-08-31 00:40:42,Buku Resep Masakan
TRX4677,UMKM608,income,401000.0,,2025-09-16 21:55:30,Tumbler Sablon
TRX4678,UMKM608,income,399000.0,Pembayaran tunai,2024-04-21 21:55:30,Vas Bunga Keramik
TRX4679,UMKM608,expense,272000.0,Cash,2025-05-10 21:55:30,Kaos Souvenir
TRX4680,UMKM608,expense,208000.0,,2024-08-28 21:55:30,Pot Tanah Liat
TRX4681,UMKM608,income,45000.0,Gopay,2025-05-14 21:55:30,Tumbler Sablon
TRX4682,UMKM608,expense,137000.0,,2025-06-06 21:55:30,Pot Ban Bekas
TRX4683,UMKM609,income,829000.0,Transfer BCA,2021-12-29 22:13:33,Rok Midi
TRX4684,UMKM609,income,549000.0,Dana,2022-11-21 22:13:33,Kemeja Batik Pria
TRX4685,UMKM609,income,287000.0,Transfer BRI,2022-11-27 22:13:33,Dompet Wanita
TRX4686,UMKM609,income,114000.0,Gopay,2022-12-20 22:13:33,Kemeja Batik Pria
TRX4687,UMKM609,expense,320000.0,Tunai,2022-08-07 22:13:33,Setelan Anak Lucu
TRX4688,UMKM609,income,428000.0,Pembayaran tunai,2022-08-08 22:13:33,Rok Midi
TRX4689,UMKM609,expense,289000.0,Tunai,2022-01-14 22:13:33,Celana Kulot
TRX4690,UMKM609,income,93000.0,Transfer BRI,2023-01-03 22:13:33,Rok Midi
TRX4691,UMKM609,expense,734000.0,Cash,2021-09-20 22:13:33,Sepatu Boots
TRX4692,UMKM610,income,115000.0,Dana,2022-02-19 22:26:32,Kacang Tanah
TRX4693,UMKM610,expense,275000.0,Transfer BNI,2022-04-11 22:26:32,Mesin Pompa Air
TRX4694,UMKM610,expense,194000.0,Tunai,2022-04-14 22:26:32,Sprayer Hama
TRX4695,UMKM611,expense,213000.0,Transfer Mandiri,2023-08-10 08:27:33,Konsultasi Dokter
TRX4696,UMKM611,expense,255000.0,Transfer BNI,2024-04-13 08:27:33,Jamu Beras Kencur
TRX4697,UMKM611,expense,484000.0,,2023-12-03 08:27:33,Jamu Beras Kencur
TRX4698,UMKM611,income,247000.0,OVO,2024-08-20 08:27:33,
TRX4699,UMKM612,expense,28000.0,Transfer BNI,2024-11-13 12:35:10,Es Boba
TRX4700,UMKM612,income,25000.0,Pembayaran tunai,2025-02-03 12:35:10,Catering Pernikahan
TRX4701,UMKM612,income,170000.0,OVO,2023-09-20 12:35:10,Pecel Lele
TRX4702,UMKM612,expense,57000.0,,2024-11-05 12:35:10,Basreng Kering
TRX4703,UMKM612,expense,271000.0,Transfer BNI,2025-02-01 12:35:10,Keripik Singkong Pedas
TRX4704,UMKM612,expense,145000.0,Cash,2023-06-13 12:35:10,Pecel Lele
TRX4705,UMKM612,expense,139000.0,Transfer BNI,2023-05-17 12:35:10,Bakso Mercon
TRX4706,UMKM612,expense,283000.0,Cash,2023-10-12 12:35:10,
TRX4707,UMKM612,expense,296000.0,Tunai,2024-09-24 12:35:10,Bakso Mercon
TRX4708,UMKM612,income,94000.0,,2024-06-17 12:35:10,Catering Pernikahan
TRX4709,UMKM612,income,197000.0,Pembayaran tunai,2023-08-05 12:35:10,
TRX4710,UMKM612,expense,198000.0,Transfer BNI,2023-06-30 12:35:10,Es Teh Manis
TRX4711,UMKM612,income,192000.0,,2023-09-23 12:35:10,Mie Ayam Pangsit
TRX4712,UMKM612,income,44000.0,Transfer BCA,2024-03-12 12:35:10,Bolu Kukus
TRX4713,UMKM612,expense,269000.0,Tunai,2023-07-15 12:35:10,
TRX4714,UMKM613,income,2160000.0,,2023-06-15 06:49:14,App Mobile Android
TRX4715,UMKM613,income,3182000.0,Transfer BCA,2023-04-10 06:49:14,Instalasi CCTV
TRX4716,UMKM613,income,1925000.0,Gopay,2023-04-02 06:49:14,Maintenance Jaringan
TRX4717,UMKM613,income,4330000.0,OVO,2024-07-13 06:49:14,App Mobile Android
TRX4718,UMKM613,income,3424000.0,Gopay,2023-07-26 06:49:14,Instalasi CCTV
TRX4719,UMKM613,income,2990000.0,,2023-06-20 06:49:14,Maintenance Jaringan
TRX4720,UMKM613,expense,2926000.0,Transfer BNI,2023-09-15 06:49:14,
TRX4721,UMKM613,income,4088000.0,,2023-08-18 06:49:14,Maintenance Jaringan
TRX4727,UMKM615,income,261000.0,Transfer BCA,2022-05-03 16:56:56,Cireng Isi
TRX4728,UMKM615,expense,76000.0,Tunai,2021-07-02 16:56:56,Paket Nasi Box
TRX4729,UMKM615,income,230000.0,Transfer BRI,2022-12-05 16:56:56,Catering Pernikahan
TRX4730,UMKM615,income,89000.0,OVO,2022-04-20 16:56:56,Kue Cubit
TRX4731,UMKM615,income,122000.0,,2022-11-22 16:56:56,Cireng Isi
TRX4732,UMKM615,income,44000.0,,2023-02-18 16:56:56,Paket Nasi Box
TRX4733,UMKM615,income,268000.0,OVO,2021-12-21 16:56:56,Kue Cubit
TRX4734,UMKM615,income,148000.0,OVO,2023-03-27 16:56:56,Cireng Isi
TRX4735,UMKM615,expense,113000.0,Transfer Mandiri,2022-02-09 16:56:56,
TRX4736,UMKM615,expense,81000.0,Transfer BNI,2022-06-22 16:56:56,Makaroni Goreng
TRX4737,UMKM615,income,100000.0,,2023-01-11 16:56:56,Catering Pernikahan
TRX4738,UMKM615,income,85000.0,Pembayaran tunai,2022-09-09 16:56:56,Catering Kantor
TRX4739,UMKM615,expense,190000.0,,2021-10-30 16:56:56,Opak Angin
TRX4740,UMKM615,expense,65000.0,Tunai,2021-06-22 16:56:56,Klepon
TRX4741,UMKM616,expense,1403000.0,Transfer Mandiri,2021-11-01 22:53:24,Workshop Fotografi
TRX4742,UMKM616,income,521000.0,Pembayaran tunai,2022-06-22 22:53:24,Pelatihan Sales
TRX4743,UMKM616,income,899000.0,Dana,2022-08-20 22:53:24,Pelatihan Sales
TRX4744,UMKM616,income,726000.0,OVO,2021-12-17 22:53:24,Pelatihan Leadership
TRX4745,UMKM617,expense,68000.0,Tunai,2025-05-03 18:55:02,Bibit Tomat Unggul
TRX4746,UMKM617,income,256000.0,OVO,2024-09-28 18:55:02,Keripik Pisang
TRX4747,UMKM617,expense,255000.0,Tunai,2025-06-12 18:55:02,
TRX4748,UMKM617,income,255000.0,Transfer BRI,2024-08-08 18:55:02,Jagung Pipil Kering
TRX4749,UMKM617,income,117000.0,OVO,2024-06-04 18:55:02,Singkong Segar
TRX4750,UMKM617,income,92000.0,Transfer BRI,2023-09-18 18:55:02,Keripik Pisang
TRX4751,UMKM618,income,215000.0,Dana,2022-06-07 13:09:29,Paket Prasmanan
TRX4752,UMKM618,income,16000.0,OVO,2023-06-04 13:09:29,Kue Cubit
TRX4753,UMKM618,expense,129000.0,Transfer BNI,2022-10-13 13:09:29,Cireng Isi
TRX4754,UMKM618,income,27000.0,Dana,2021-10-15 13:09:29,Paket Nasi Box
TRX4755,UMKM618,income,70000.0,Dana,2022-09-17 13:09:29,Paket Nasi Box
TRX4756,UMKM618,income,298000.0,Dana,2022-12-18 13:09:29,Snack Box Meeting
TRX4757,UMKM618,expense,87000.0,,2021-11-05 13:09:29,Bakso Mercon
TRX4758,UMKM618,expense,73000.0,,2021-12-23 13:09:29,Snack Box Meeting
TRX4759,UMKM618,income,267000.0,Transfer BRI,2022-09-11 13:09:29,Pecel Lele
TRX4760,UMKM618,income,25000.0,Transfer BCA,2023-05-21 13:09:29,Pecel Lele
TRX4761,UMKM618,income,298000.0,Transfer BCA,2023-06-16 13:09:29,Pecel Lele
TRX4762,UMKM618,expense,80000.0,Tunai,2022-06-19 13:09:29,Es Teh Manis
TRX4763,UMKM619,expense,43000.0,,2023-07-29 14:06:14,Kunyit Asam
TRX4764,UMKM619,income,100000.0,Pembayaran tunai,2023-09-14 14:06:14,Cek Gula Darah
TRX4765,UMKM619,income,147000.0,OVO,2022-12-17 14:06:14,Facial Wajah
TRX4766,UMKM619,income,487000.0,,2023-08-04 14:06:14,Layanan Perawat Rumah
TRX4767,UMKM620,expense,97000.0,Transfer BNI,2023-11-24 16:17:50,Keripik Singkong Pedas
TRX4768,UMKM620,expense,269000.0,Transfer Mandiri,2023-10-14 16:17:50,
TRX4769,UMKM620,expense,212000.0,Tunai,2024-01-16 16:17:50,Bolu Kukus
TRX4770,UMKM620,income,293000.0,Pembayaran tunai,2023-05-09 16:17:50,Rendang Padang
TRX4771,UMKM620,expense,14000.0,Tunai,2024-06-26 16:17:50,Seblak Kering
TRX4772,UMKM620,income,150000.0,Pembayaran tunai,2023-02-25 16:17:50,Bolu Kukus
TRX4773,UMKM620,income,48000.0,Pembayaran tunai,2023-08-16 16:17:50,Keripik Singkong Pedas
TRX4774,UMKM620,expense,115000.0,Transfer BNI,2022-09-25 16:17:50,Gado-Gado
TRX4775,UMKM620,expense,234000.0,Cash,2022-12-14 16:17:50,Kopi Susu
TRX4776,UMKM620,income,246000.0,Transfer BRI,2022-10-09 16:17:50,Wedang Jahe
TRX4777,UMKM621,income,938000.0,Transfer BRI,2022-08-03 09:28:24,Celana Kulot
TRX4778,UMKM621,expense,543000.0,Tunai,2021-09-21 09:28:24,Blouse Wanita
TRX4779,UMKM621,expense,224000.0,Tunai,2023-03-06 09:28:24,
TRX4780,UMKM621,income,274000.0,Dana,2022-08-26 09:28:24,
TRX4781,UMKM621,expense,900000.0,,2021-09-02 09:28:24,Kemeja Pria Casual
TRX4782,UMKM621,expense,470000.0,Transfer Mandiri,2022-09-19 09:28:24,
TRX4783,UMKM621,income,665000.0,OVO,2022-11-09 09:28:24,Kaos Anak Motif
TRX4784,UMKM621,income,196000.0,Gopay,2022-08-29 09:28:24,Celana Kulot
TRX4785,UMKM621,income,863000.0,OVO,2022-12-16 09:28:24,Kaos Anak Motif
TRX4786,UMKM622,expense,646000.0,Tunai,2024-08-03 18:42:02,Polo Shirt Pria
TRX4787,UMKM622,expense,890000.0,Cash,2024-05-01 18:42:02,Dompet Wanita
TRX4788,UMKM622,expense,835000.0,,2023-07-31 18:42:02,Dompet Wanita
TRX4789,UMKM622,expense,236000.0,,2023-09-19 18:42:02,Celana Panjang Pria
TRX4790,UMKM622,expense,688000.0,,2024-11-07 18:42:02,Kemeja Batik Pria
TRX4791,UMKM622,income,725000.0,,2024-06-07 18:42:02,Topi Baseball
TRX4792,UMKM622,expense,573000.0,,2023-04-14 18:42:02,Anting Mutiara
TRX4793,UMKM622,income,320000.0,OVO,2023-11-27 18:42:02,Polo Shirt Pria
TRX4794,UMKM622,income,221000.0,Pembayaran tunai,2023-05-12 18:42:02,Slip On Polos
TRX4795,UMKM622,income,791000.0,Pembayaran tunai,2025-01-11 18:42:02,Slip On Polos
TRX4796,UMKM623,expense,752000.0,Tunai,2024-08-17 17:43:19,Sweater Pria
TRX4797,UMKM623,expense,400000.0,Tunai,2023-09-23 17:43:19,
TRX4798,UMKM623,expense,994000.0,Cash,2024-12-11 17:43:19,Tunik Polos
TRX4799,UMKM623,income,514000.0,Gopay,2024-02-03 17:43:19,Kemeja Batik Pria
TRX4800,UMKM623,income,660000.0,OVO,2024-10-22 17:43:19,Kaos Polos Pria
TRX4801,UMKM623,income,654000.0,Dana,2024-01-08 17:43:19,Anting Mutiara
TRX4802,UMKM623,expense,120000.0,Tunai,2024-02-13 17:43:19,
TRX4803,UMKM623,income,285000.0,Dana,2024-04-08 17:43:19,Sweater Pria
TRX4804,UMKM623,expense,437000.0,,2023-11-04 17:43:19,Anting Mutiara
TRX4805,UMKM623,income,444000.0,Dana,2023-11-05 17:43:19,
TRX4806,UMKM623,income,185000.0,,2025-01-21 17:43:19,Anting Mutiara
TRX4807,UMKM623,income,161000.0,Dana,2024-04-20 17:43:19,Gelang Perak
TRX4808,UMKM624,expense,33000.0,,2022-06-14 05:47:21,Tas Plastik Daur Ulang
TRX4809,UMKM624,income,128000.0,OVO,2023-04-26 05:47:21,Tas Plastik Daur Ulang
TRX4810,UMKM624,income,292000.0,,2023-03-03 05:47:21,Jam Dinding Kayu
TRX4811,UMKM624,expense,465000.0,,2023-07-27 05:47:21,Kotak Perhiasan Kayu
TRX4812,UMKM624,expense,490000.0,Transfer BNI,2022-05-08 05:47:21,Tumbler Sablon
TRX4813,UMKM624,expense,283000.0,Cash,2022-04-20 05:47:21,Kaos Souvenir
TRX4814,UMKM625,expense,219000.0,Tunai,2024-08-09 05:01:52,Opak Angin
TRX4815,UMKM625,income,81000.0,,2023-11-29 05:01:52,Pudding Coklat
TRX4816,UMKM625,income,54000.0,Transfer BRI,2023-12-11 05:01:52,Es Teh Manis
TRX4817,UMKM625,expense,95000.0,Cash,2024-02-02 05:01:52,Pudding Coklat
TRX4818,UMKM625,income,248000.0,,2025-09-10 05:01:52,Pudding Coklat
TRX4819,UMKM625,income,24000.0,Transfer BRI,2024-11-30 05:01:52,Es Teh Manis
TRX4820,UMKM625,income,277000.0,OVO,2024-10-28 05:01:52,Es Teh Manis
TRX4821,UMKM625,expense,262000.0,Transfer BNI,2024-11-05 05:01:52,
TRX4822,UMKM625,income,65000.0,Transfer BRI,2024-01-21 05:01:52,Es Teh Manis
TRX4823,UMKM625,income,52000.0,Pembayaran tunai,2025-07-24 05:01:52,Pudding Coklat
TRX4824,UMKM626,income,251000.0,Pembayaran tunai,2022-05-15 02:07:57,Paket Nasi Box
TRX4825,UMKM626,expense,71000.0,Transfer Mandiri,2021-06-01 02:07:57,
TRX4826,UMKM626,income,281000.0,Transfer BCA,2022-05-22 02:07:57,Paket Prasmanan
TRX4827,UMKM626,income,5000.0,Gopay,2021-02-19 02:07:57,Paket Prasmanan
TRX4828,UMKM626,expense,225000.0,Cash,2022-10-05 02:07:57,Dadar Gulung
TRX4829,UMKM626,income,272000.0,Dana,2022-07-08 02:07:57,Catering Pernikahan
TRX4830,UMKM626,income,220000.0,OVO,2022-04-08 02:07:57,Catering Pernikahan
TRX4831,UMKM626,income,194000.0,Gopay,2021-09-13 02:07:57,Snack Box Meeting
TRX4832,UMKM626,expense,27000.0,,2021-11-02 02:07:57,Bolu Kukus
TRX4833,UMKM626,income,276000.0,,2021-07-22 02:07:57,Catering Kantor
TRX4834,UMKM626,expense,224000.0,,2021-02-19 02:07:57,Bolu Kukus
TRX4835,UMKM626,expense,122000.0,Cash,2021-05-02 02:07:57,Seblak Kering
TRX4836,UMKM626,income,251000.0,OVO,2022-02-03 02:07:57,Snack Box Meeting
TRX4837,UMKM626,expense,200000.0,Cash,2022-09-15 02:07:57,Es Krim Lokal
TRX4838,UMKM626,income,184000.0,Gopay,2022-07-24 02:07:57,Paket Nasi Box
TRX4839,UMKM626,expense,299000.0,Tunai,2021-08-18 02:07:57,Klepon
TRX4840,UMKM626,income,55000.0,OVO,2021-10-16 02:07:57,Paket Nasi Box
TRX4841,UMKM626,income,222000.0,,2021-04-01 02:07:57,Catering Pernikahan
TRX4842,UMKM627,expense,324000.0,Transfer BNI,2022-07-02 00:08:49,Ganti Oli Motor
TRX4843,UMKM627,expense,571000.0,,2023-03-27 00:08:49,Kurir Ekspres Lokal
TRX4844,UMKM627,expense,1027000.0,Tunai,2022-07-31 00:08:49,
TRX4845,UMKM627,income,1618000.0,OVO,2021-12-22 00:08:49,Cuci Mobil
TRX4846,UMKM627,income,526000.0,Gopay,2022-11-24 00:08:49,Jasa Packing Barang
TRX4847,UMKM627,income,1913000.0,,2021-12-19 00:08:49,Gudang Sewa
TRX4848,UMKM628,income,1809000.0,OVO,2024-03-30 14:23:26,Sewa Minibus
TRX4849,UMKM628,income,221000.0,Transfer BRI,2025-08-15 14:23:26,Sewa Motor Harian
TRX4850,UMKM628,expense,630000.0,Tunai,2025-07-20 14:23:26,Antar Jemput Bandara
TRX4851,UMKM628,expense,1275000.0,,2025-01-28 14:23:26,
TRX4852,UMKM628,income,1845000.0,,2024-03-23 14:23:26,Tour Domestik
TRX4853,UMKM628,expense,1163000.0,Transfer Mandiri,2025-05-12 14:23:26,Balancing Roda
TRX4854,UMKM629,income,1773000.0,,2023-01-04 00:02:47,Servis Laptop
TRX4855,UMKM629,income,1155000.0,,2023-05-07 00:02:47,Gathering Perusahaan
TRX4856,UMKM629,income,874000.0,Gopay,2022-07-08 00:02:47,Event Launching Produk
TRX4857,UMKM629,income,122000.0,,2022-08-27 00:02:47,Servis HP
TRX4858,UMKM629,expense,129000.0,Transfer Mandiri,2023-10-11 00:02:47,Penulisan Artikel SEO
TRX4859,UMKM629,income,2467000.0,,2022-10-22 00:02:47,Event Launching Produk
TRX4860,UMKM629,income,2240000.0,Pembayaran tunai,2023-03-01 00:02:47,Servis Laptop
TRX4861,UMKM629,income,582000.0,Gopay,2023-12-06 00:02:47,Event Launching Produk
TRX4862,UMKM629,expense,2228000.0,,2024-04-02 00:02:47,Voice Over
TRX4863,UMKM629,expense,129000.0,Transfer BNI,2023-03-09 00:02:47,Editing Video
TRX4864,UMKM630,income,207000.0,Transfer BRI,2024-07-14 23:24:07,Pijat Tradisional
TRX4865,UMKM630,expense,350000.0,Cash,2024-05-22 23:24:07,
TRX4866,UMKM630,income,120000.0,Pembayaran tunai,2024-11-08 23:24:07,Pijat Tradisional
TRX4867,UMKM630,income,367000.0,Pembayaran tunai,2024-03-20 23:24:07,Lulur Badan
TRX4868,UMKM630,expense,426000.0,Tunai,2025-01-09 23:24:07,Kursi Roda Lipat
TRX4869,UMKM630,income,176000.0,Transfer BCA,2024-10-16 23:24:07,Paket Spa Relaksasi
TRX4870,UMKM631,expense,468000.0,,2021-03-27 08:20:31,Heels Wanita
TRX4871,UMKM631,expense,420000.0,,2022-10-31 08:20:31,
TRX4872,UMKM631,income,159000.0,Transfer BCA,2022-06-14 08:20:31,Kemeja Batik Pria
TRX4873,UMKM631,expense,208000.0,Transfer BNI,2022-05-29 08:20:31,Dress Anak Pesta
TRX4874,UMKM631,income,486000.0,Dana,2021-08-15 08:20:31,Kemeja Batik Pria
TRX4875,UMKM631,income,717000.0,Transfer BCA,2021-12-30 08:20:31,Kemeja Batik Pria
TRX4876,UMKM631,income,649000.0,Transfer BCA,2021-12-01 08:20:31,Polo Shirt Pria
TRX4877,UMKM631,income,309000.0,Dana,2022-03-13 08:20:31,Kemeja Batik Pria
TRX4878,UMKM632,income,317000.0,Pembayaran tunai,2023-02-24 15:39:09,Kaos Polos Pria
TRX4879,UMKM632,expense,925000.0,,2023-09-26 15:39:09,Atasan Motif
TRX4880,UMKM632,expense,598000.0,Transfer Mandiri,2022-10-12 15:39:09,Blouse Wanita
TRX4881,UMKM632,expense,483000.0,Cash,2023-09-11 15:39:09,Celana Panjang Pria
TRX4882,UMKM632,income,628000.0,Transfer BRI,2023-07-05 15:39:09,Ikat Pinggang Pria
TRX4883,UMKM632,expense,424000.0,Tunai,2023-08-17 15:39:09,
TRX4884,UMKM632,income,676000.0,Dana,2022-11-05 15:39:09,Kaos Polos Pria
TRX4885,UMKM632,income,332000.0,OVO,2023-02-21 15:39:09,Kaos Polos Pria
TRX4886,UMKM632,income,746000.0,Transfer BCA,2023-06-24 15:39:09,Ikat Pinggang Pria
TRX4887,UMKM633,income,1727000.0,Transfer BCA,2022-09-05 23:27:10,Event Launching Produk
TRX4888,UMKM633,income,934000.0,OVO,2023-11-15 23:27:10,Event Launching Produk
TRX4889,UMKM633,expense,1792000.0,Transfer Mandiri,2022-05-28 23:27:10,Gathering Perusahaan
TRX4890,UMKM633,income,2361000.0,Transfer BRI,2022-05-06 23:27:10,Desain Feed Instagram
TRX4891,UMKM633,expense,2383000.0,Tunai,2022-05-29 23:27:10,Konsultasi Pajak
TRX4892,UMKM633,income,2076000.0,OVO,2022-12-03 23:27:10,Event Launching Produk
TRX4893,UMKM633,income,832000.0,OVO,2022-06-04 23:27:10,Desain Feed Instagram
TRX4894,UMKM634,income,204000.0,Pembayaran tunai,2024-03-29 02:14:09,Omega 3 Kapsul
TRX4895,UMKM634,income,301000.0,,2024-03-23 02:14:09,
TRX4896,UMKM634,expense,299000.0,Transfer Mandiri,2024-06-07 02:14:09,Facial Wajah
TRX4897,UMKM635,expense,8425000.0,Tunai,2024-10-04 01:12:19,Kost Harian
TRX4898,UMKM635,income,4657000.0,Dana,2023-09-10 01:12:19,Desain Interior Ruang Tamu
TRX4899,UMKM635,expense,5524000.0,Transfer BNI,2024-06-29 01:12:19,Plafon Gypsum
TRX4900,UMKM636,expense,1233000.0,Transfer Mandiri,2022-07-23 03:26:20,Kursus Mekanik
TRX4901,UMKM636,expense,755000.0,Transfer Mandiri,2022-12-02 03:26:20,Bimbel UN SD
TRX4902,UMKM636,expense,1494000.0,Transfer BNI,2022-04-01 03:26:20,Kursus Digital Marketing
TRX4903,UMKM636,expense,865000.0,Transfer BNI,2021-03-06 03:26:20,
TRX4904,UMKM636,expense,332000.0,Transfer BNI,2022-07-17 03:26:20,Les Privat Matematika
TRX4905,UMKM637,income,2800000.0,Pembayaran tunai,2022-03-25 21:43:14,
TRX4906,UMKM637,income,587000.0,,2021-08-07 21:43:14,Penerjemah Dokumen
TRX4907,UMKM637,income,1041000.0,Dana,2021-02-07 21:43:14,Penerjemah Dokumen
TRX4908,UMKM637,income,1929000.0,Dana,2021-04-09 21:43:14,Konsultasi Marketing
TRX4909,UMKM637,expense,2964000.0,Transfer BNI,2022-07-24 21:43:14,Data Entry
TRX4910,UMKM637,expense,762000.0,,2021-07-15 21:43:14,Desain Banner
TRX4911,UMKM637,income,510000.0,Pembayaran tunai,2022-08-06 21:43:14,
TRX4912,UMKM637,expense,978000.0,Cash,2022-07-11 21:43:14,Konsultasi Hukum
TRX4913,UMKM637,expense,2182000.0,Transfer BNI,2022-07-15 21:43:14,Paket Pernikahan
TRX4914,UMKM637,expense,1740000.0,Transfer Mandiri,2021-04-06 21:43:14,
TRX4915,UMKM638,income,178000.0,Gopay,2022-05-12 16:49:39,Catering Kantor
TRX4916,UMKM638,income,286000.0,Transfer BCA,2022-08-11 16:49:39,Keripik Singkong Pedas
TRX4917,UMKM638,income,31000.0,,2023-06-12 16:49:39,Catering Pernikahan
TRX4918,UMKM638,expense,87000.0,Transfer Mandiri,2023-11-18 16:49:39,Basreng Kering
TRX4919,UMKM638,income,204000.0,,2023-04-05 16:49:39,Paket Prasmanan
TRX4920,UMKM638,expense,7000.0,Cash,2022-10-15 16:49:39,Klepon
TRX4921,UMKM638,income,51000.0,Dana,2022-12-02 16:49:39,Paket Prasmanan
TRX4922,UMKM638,expense,79000.0,Tunai,2023-05-03 16:49:39,Snack Box Meeting
TRX4923,UMKM638,income,246000.0,OVO,2023-07-09 16:49:39,Keripik Singkong Pedas
TRX4924,UMKM638,income,227000.0,Dana,2023-10-20 16:49:39,
TRX4925,UMKM638,income,50000.0,,2023-01-05 16:49:39,Paket Prasmanan
TRX4926,UMKM638,expense,37000.0,,2023-08-23 16:49:39,Paket Prasmanan
TRX4927,UMKM638,income,139000.0,Dana,2024-01-09 16:49:39,Catering Pernikahan
TRX4928,UMKM638,expense,118000.0,,2023-04-15 16:49:39,
TRX4929,UMKM638,expense,194000.0,,2023-10-26 16:49:39,Klepon
TRX4930,UMKM638,expense,45000.0,,2023-08-21 16:49:39,Teh Tarik
TRX4931,UMKM638,expense,24000.0,Tunai,2023-05-25 16:49:39,
TRX4932,UMKM639,income,206000.0,Transfer BRI,2021-07-14 01:03:00,Bibit Tomat Unggul
TRX4933,UMKM639,expense,215000.0,,2022-06-20 01:03:00,Kacang Tanah
TRX4934,UMKM639,income,276000.0,Transfer BCA,2022-01-28 01:03:00,Bibit Tomat Unggul
TRX4935,UMKM640,expense,636000.0,Transfer BNI,2022-09-25 13:55:22,Bimbel SBMPTN
TRX4936,UMKM640,income,1273000.0,OVO,2022-04-07 13:55:22,Buku TOEFL
TRX4937,UMKM640,income,167000.0,OVO,2022-09-12 13:55:22,Kursus Digital Marketing
TRX4938,UMKM640,expense,408000.0,,2022-07-18 13:55:22,
TRX4939,UMKM640,income,1361000.0,Pembayaran tunai,2023-05-22 13:55:22,Buku TOEFL
TRX4940,UMKM640,income,1062000.0,-,2023-07-03 13:55:22,Buku TOEFL
TRX4941,UMKM640,expense,949000.0,,2022-07-24 13:55:22,Bimbel SBMPTN
TRX4942,UMKM641,expense,71000.0,Transfer Mandiri,2023-11-27 04:33:14,Kursus Editing Video
TRX4943,UMKM641,expense,463000.0,,2024-10-17 04:33:14,Bimbel UN SD
TRX4944,UMKM641,income,1395000.0,Gopay,2024-08-22 04:33:14,Les Piano
TRX4945,UMKM641,income,1111000.0,,2023-06-07 04:33:14,Bimbel Bahasa Inggris
TRX4946,UMKM641,expense,635000.0,Cash,2024-10-05 04:33:14,Kursus Public Speaking
TRX4947,UMKM641,income,448000.0,OVO,2023-11-22 04:33:14,Bimbel Bahasa Inggris
TRX4948,UMKM642,expense,375000.0,Tunai,2024-11-30 21:07:20,Aplikasi Absensi
TRX4949,UMKM642,expense,4282000.0,Transfer BNI,2024-04-14 21:07:20,Aplikasi HR
TRX4950,UMKM642,income,4325000.0,Dana,2024-03-27 21:07:20,Aplikasi Kasir UMKM
TRX4951,UMKM642,income,1997000.0,OVO,2025-02-01 21:07:20,Scanner Barcode
TRX4952,UMKM642,expense,1488000.0,,2023-11-02 21:07:20,
TRX4953,UMKM642,income,395000.0,-,2024-11-22 21:07:20,App Pemesanan Online
TRX4954,UMKM642,expense,3046000.0,Cash,2023-12-01 21:07:20,
TRX4955,UMKM642,expense,2059000.0,Cash,2025-08-11 21:07:20,
TRX4956,UMKM643,expense,10000.0,,2025-08-29 01:41:58,Pupuk Urea 50kg
TRX4957,UMKM643,expense,90000.0,Transfer Mandiri,2024-02-10 01:41:58,Pupuk KCl
TRX4958,UMKM643,income,54000.0,Transfer BCA,2024-11-17 01:41:58,Keripik Pisang
TRX4959,UMKM643,expense,151000.0,Tunai,2024-01-03 01:41:58,Beras Premium 5kg
TRX4960,UMKM643,income,214000.0,Pembayaran tunai,2025-05-27 01:41:58,Keripik Pisang
TRX4961,UMKM643,income,190000.0,Transfer BCA,2024-12-11 01:41:58,Keripik Pisang
TRX4962,UMKM643,expense,212000.0,Tunai,2025-03-18 01:41:58,Bibit Cabai Rawit
TRX4963,UMKM644,income,212000.0,,2022-12-01 10:20:14,Lontong Sayur
TRX4964,UMKM644,income,107000.0,Transfer BCA,2023-12-14 10:20:14,Lontong Sayur
TRX4965,UMKM644,expense,270000.0,Transfer BNI,2023-12-30 10:20:14,Kue Cubit
TRX4966,UMKM644,income,12000.0,Gopay,2024-07-28 10:20:14,Snack Box Meeting
TRX4967,UMKM644,income,40000.0,Dana,2024-08-27 10:20:14,Lontong Sayur
TRX4969,UMKM644,income,286000.0,Gopay,2023-09-19 10:20:14,Bakso Mercon
TRX4970,UMKM644,income,150000.0,Transfer BRI,2024-05-13 10:20:14,Lontong Sayur
TRX4971,UMKM644,income,291000.0,Dana,2023-07-07 10:20:14,Lontong Sayur
TRX4972,UMKM644,expense,183000.0,Transfer Mandiri,2023-03-10 10:20:14,Makaroni Goreng
TRX4973,UMKM644,expense,182000.0,Transfer BNI,2023-04-20 10:20:14,
TRX4974,UMKM644,expense,146000.0,,2023-10-04 10:20:14,Snack Box Meeting
TRX4975,UMKM645,income,1026000.0,Dana,2023-01-24 21:39:28,Penerjemah Dokumen
TRX4976,UMKM645,expense,2583000.0,Transfer BNI,2022-09-18 21:39:28,Desain Banner
TRX4977,UMKM645,income,896000.0,Pembayaran tunai,2022-08-10 21:39:28,Desain Banner
TRX4978,UMKM645,expense,1962000.0,,2022-09-06 21:39:28,Editing Video
TRX4979,UMKM645,income,1754000.0,,2022-03-03 21:39:28,Penerjemah Dokumen
TRX4980,UMKM645,expense,2454000.0,,2022-11-30 21:39:28,Data Entry
TRX4981,UMKM645,income,119000.0,Dana,2023-02-13 21:39:28,Penerjemah Dokumen
TRX4982,UMKM645,expense,1169000.0,Transfer Mandiri,2023-04-26 21:39:28,Konsultasi Marketing
TRX4983,UMKM645,expense,816000.0,Tunai,2022-03-07 21:39:28,Konsultasi Bisnis
TRX4984,UMKM646,expense,233000.0,,2023-04-01 06:48:06,Lampu Rotan
TRX4985,UMKM646,income,284000.0,Gopay,2021-09-07 06:48:06,Jam Dinding Kayu
TRX4986,UMKM646,income,79000.0,Transfer BCA,2022-11-13 06:48:06,Tas Plastik Daur Ulang
TRX4987,UMKM646,income,311000.0,OVO,2022-12-20 06:48:06,Tumbler Sablon
TRX4988,UMKM646,income,62000.0,Transfer BCA,2023-05-17 06:48:06,Tas Plastik Daur Ulang
TRX4989,UMKM646,income,282000.0,Gopay,2022-06-25 06:48:06,Mug Foto
TRX4990,UMKM646,income,175000.0,Pembayaran tunai,2023-01-30 06:48:06,Mug Foto
TRX4991,UMKM647,expense,179000.0,Transfer Mandiri,2022-10-06 13:23:30,Snack Box Meeting
TRX4992,UMKM647,expense,64000.0,Transfer Mandiri,2023-01-31 13:23:30,Gado-Gado
TRX4993,UMKM647,expense,267000.0,Tunai,2023-07-02 13:23:30,Mie Ayam Pangsit
TRX4994,UMKM647,income,136000.0,Gopay,2021-11-02 13:23:30,Teh Tarik
TRX4995,UMKM647,expense,280000.0,Cash,2023-01-19 13:23:30,Es Teh Manis
TRX4996,UMKM647,income,299000.0,OVO,2022-01-07 13:23:30,Teh Tarik
TRX4997,UMKM647,expense,133000.0,Cash,2022-10-17 13:23:30,Catering Pernikahan
TRX4998,UMKM647,income,231000.0,OVO,2021-10-10 13:23:30,Bolu Kukus
TRX4999,UMKM647,expense,198000.0,Transfer Mandiri,2022-06-06 13:23:30,Dadar Gulung
TRX5000,UMKM647,income,293000.0,,2022-03-29 13:23:30,Risol Mayo
TRX5001,UMKM647,income,252000.0,Pembayaran tunai,2022-05-19 13:23:30,Risol Mayo
TRX5002,UMKM647,expense,129000.0,Cash,2023-01-15 13:23:30,Seblak Kering
TRX5003,UMKM647,expense,178000.0,,2022-02-06 13:23:30,Teh Tarik
TRX5004,UMKM647,expense,239000.0,,2022-02-21 13:23:30,Es Teh Manis
TRX5009,UMKM649,income,169000.0,OVO,2023-05-23 13:57:23,Ikat Pinggang Pria
TRX5010,UMKM649,income,314000.0,,2024-01-17 13:57:23,Blouse Wanita
TRX5011,UMKM649,expense,119000.0,,2022-08-25 13:57:23,
TRX5012,UMKM649,income,441000.0,Transfer BRI,2023-07-12 13:57:23,Blouse Wanita
TRX5013,UMKM649,expense,698000.0,,2024-04-03 13:57:23,
TRX5014,UMKM649,expense,857000.0,Transfer Mandiri,2023-05-15 13:57:23,Kemeja Pria Casual
TRX5015,UMKM649,income,275000.0,Pembayaran tunai,2022-06-25 13:57:23,Gamis Syari
TRX5016,UMKM649,income,743000.0,Dana,2022-10-03 13:57:23,Blouse Wanita
TRX5017,UMKM649,income,768000.0,Dana,2023-03-02 13:57:23,Anting Mutiara
TRX5018,UMKM650,expense,520000.0,Transfer Mandiri,2023-06-13 05:02:00,Tune Up Mobil
TRX5019,UMKM650,income,1688000.0,Transfer BCA,2022-11-28 05:02:00,Pengiriman Barang Kota
TRX5020,UMKM650,expense,696000.0,Transfer Mandiri,2023-04-27 05:02:00,Antar Jemput Sekolah
TRX5021,UMKM650,income,894000.0,Dana,2023-01-06 05:02:00,Ganti Oli Motor
TRX5022,UMKM650,income,773000.0,Dana,2023-11-07 05:02:00,Driver Harian
TRX5023,UMKM650,expense,1107000.0,Cash,2023-01-21 05:02:00,Sewa Truk
TRX5024,UMKM651,income,2294000.0,,2024-05-27 15:09:51,Desain Logo
TRX5025,UMKM651,expense,139000.0,Tunai,2024-09-28 15:09:51,Konsultasi Bisnis
TRX5026,UMKM651,expense,2970000.0,,2024-04-10 15:09:51,Gathering Perusahaan
TRX5027,UMKM651,income,1178000.0,,2023-09-01 15:09:51,Data Entry
TRX5028,UMKM651,income,1116000.0,Dana,2023-03-15 15:09:51,Desain Undangan
TRX5029,UMKM651,income,1276000.0,,2024-04-22 15:09:51,Penerjemah Dokumen
TRX5030,UMKM652,income,240000.0,,2023-02-15 06:49:27,Paket Umroh
TRX5031,UMKM652,expense,867000.0,,2022-12-09 06:49:27,Study Tour
TRX5032,UMKM652,income,1429000.0,OVO,2023-01-07 06:49:27,Balancing Roda
TRX5033,UMKM652,expense,1583000.0,Tunai,2022-11-03 06:49:27,Pengiriman Barang Kota
TRX5034,UMKM653,expense,1500000.0,Transfer Mandiri,2023-01-07 03:10:52,
TRX5035,UMKM653,expense,411000.0,,2022-08-29 03:10:52,Desain Kemasan
TRX5036,UMKM653,expense,2371000.0,,2022-02-08 03:10:52,
TRX5037,UMKM653,income,831000.0,Dana,2023-10-15 03:10:52,Konsultasi Keuangan
TRX5038,UMKM653,income,2051000.0,Dana,2022-07-31 03:10:52,Editing Video
TRX5039,UMKM653,income,1385000.0,OVO,2023-04-30 03:10:52,Event Launching Produk
TRX5040,UMKM653,income,1548000.0,,2022-08-23 03:10:52,Desain Logo
TRX5041,UMKM653,income,995000.0,Dana,2023-08-29 03:10:52,Desain Logo
TRX5057,UMKM655,income,64000.0,Transfer BRI,2023-09-09 06:46:20,Jagung Pipil Kering
TRX5058,UMKM655,income,71000.0,Transfer BRI,2022-11-10 06:46:20,Jagung Pipil Kering
TRX5059,UMKM655,income,50000.0,OVO,2023-08-12 06:46:20,Jagung Pipil Kering
TRX5060,UMKM655,income,262000.0,-,2023-10-12 06:46:20,Jagung Pipil Kering
TRX5061,UMKM655,income,13000.0,OVO,2024-05-22 06:46:20,Jagung Pipil Kering
TRX5062,UMKM655,expense,287000.0,Tunai,2023-01-20 06:46:20,Sabit Intan
TRX5063,UMKM656,expense,446000.0,Transfer Mandiri,2024-02-04 12:05:27,
TRX5064,UMKM656,income,4050000.0,,2024-06-22 12:05:27,Maintenance Jaringan
TRX5065,UMKM656,expense,3140000.0,Transfer BNI,2025-03-30 12:05:27,Sistem Irigasi Otomatis
TRX5066,UMKM656,income,2683000.0,Transfer BCA,2025-05-25 12:05:27,
TRX5067,UMKM656,expense,4133000.0,Tunai,2024-05-12 12:05:27,
TRX5068,UMKM657,income,484000.0,,2022-05-19 04:40:00,Tas Plastik Daur Ulang
TRX5069,UMKM657,income,476000.0,Transfer BRI,2021-12-17 04:40:00,Tumbler Sablon
TRX5070,UMKM657,income,484000.0,Pembayaran tunai,2023-07-27 04:40:00,Tumbler Sablon
TRX5071,UMKM657,income,319000.0,Transfer BRI,2023-09-29 04:40:00,Tumbler Sablon
TRX5072,UMKM657,income,469000.0,Transfer BRI,2022-05-15 04:40:00,
TRX5079,UMKM659,income,1919000.0,Transfer BRI,2024-06-15 11:57:13,App Pemesanan Online
TRX5080,UMKM659,expense,4824000.0,Transfer BNI,2025-05-18 11:57:13,Instalasi CCTV
TRX5081,UMKM659,income,1150000.0,Transfer BCA,2024-04-07 11:57:13,
TRX5082,UMKM659,income,543000.0,Dana,2025-05-23 11:57:13,Maintenance Jaringan
TRX5083,UMKM659,expense,4406000.0,Tunai,2024-05-29 11:57:13,PC Rakitan
TRX5084,UMKM659,income,3566000.0,,2024-01-03 11:57:13,IT Support Bulanan
TRX5085,UMKM659,income,4018000.0,Dana,2024-08-08 11:57:13,Website Company Profile
TRX5086,UMKM659,income,4529000.0,Transfer BRI,2024-07-17 11:57:13,Pembuatan Website
TRX5087,UMKM660,income,41000.0,Gopay,2024-08-21 19:11:15,Pot Ban Bekas
TRX5088,UMKM660,income,282000.0,Gopay,2023-01-09 19:11:15,Bando Kain
TRX5089,UMKM660,income,202000.0,Transfer BCA,2024-06-08 19:11:15,Hiasan Koran Daur Ulang
TRX5090,UMKM660,income,226000.0,Transfer BCA,2024-07-25 19:11:15,Hiasan Koran Daur Ulang
TRX5091,UMKM661,expense,1531000.0,Tunai,2023-02-13 20:30:40,Aplikasi Absensi
TRX5092,UMKM661,income,3845000.0,Dana,2023-06-05 20:30:40,PC Rakitan
TRX5093,UMKM661,expense,1086000.0,,2023-05-05 20:30:40,PC Rakitan
TRX5094,UMKM661,income,4345000.0,Transfer BCA,2024-07-28 20:30:40,PC Rakitan
TRX5095,UMKM661,expense,3868000.0,Tunai,2024-06-01 20:30:40,Software Akuntansi
TRX5096,UMKM661,income,2685000.0,,2024-05-10 20:30:40,PC Rakitan
TRX5097,UMKM661,expense,168000.0,Tunai,2022-12-26 20:30:40,Laptop Refurbished
TRX5098,UMKM662,income,62000.0,,2024-04-17 12:17:16,Kaos Anak Motif
TRX5099,UMKM662,income,740000.0,Pembayaran tunai,2025-04-23 12:17:16,Sepatu Boots
TRX5100,UMKM662,income,265000.0,Dana,2024-11-02 12:17:16,Kaos Anak Motif
TRX5101,UMKM662,income,438000.0,Transfer BRI,2025-04-04 12:17:16,Kaos Anak Motif
TRX5102,UMKM662,income,644000.0,Dana,2025-03-15 12:17:16,Sepatu Boots
TRX5103,UMKM662,income,153000.0,,2024-11-10 12:17:16,Sepatu Boots
TRX5104,UMKM662,expense,383000.0,Transfer BNI,2024-12-08 12:17:16,Sepatu Sneakers
TRX5105,UMKM662,income,420000.0,Dana,2025-03-22 12:17:16,Sepatu Boots
TRX5106,UMKM662,income,677000.0,Transfer BRI,2024-05-18 12:17:16,Kaos Anak Motif
TRX5107,UMKM662,expense,932000.0,Transfer BNI,2024-01-25 12:17:16,Heels Wanita
TRX5108,UMKM662,income,315000.0,Transfer BRI,2024-03-14 12:17:16,Sepatu Boots
TRX5109,UMKM662,income,241000.0,Gopay,2025-05-01 12:17:16,Sepatu Boots
TRX5110,UMKM663,expense,9487000.0,,2022-07-08 06:29:47,Sewa Villa
TRX5111,UMKM663,expense,4806000.0,,2023-02-04 06:29:47,Kitchen Set Custom
TRX5112,UMKM663,expense,4385000.0,Tunai,2023-04-14 06:29:47,
TRX5118,UMKM665,income,119000.0,,2023-02-08 04:33:43,Mainan Edukatif Kayu
TRX5119,UMKM665,expense,280000.0,Transfer Mandiri,2022-10-01 04:33:43,Pot Ban Bekas
TRX5120,UMKM665,income,242000.0,,2023-07-05 04:33:43,Hiasan Koran Daur Ulang
TRX5121,UMKM665,expense,132000.0,Transfer BNI,2023-05-16 04:33:43,Pot Tanah Liat
TRX5122,UMKM665,expense,239000.0,,2023-10-13 04:33:43,Hiasan Dinding Batik
TRX5123,UMKM665,expense,383000.0,,2023-11-07 04:33:43,Lampu Rotan
TRX5124,UMKM666,income,820000.0,Gopay,2024-02-23 10:31:17,Slip On Polos
TRX5125,UMKM666,income,431000.0,Transfer BCA,2024-04-15 10:31:17,
TRX5126,UMKM666,expense,423000.0,Tunai,2022-10-31 10:31:17,Heels Wanita
TRX5127,UMKM666,income,924000.0,,2024-05-20 10:31:17,Slip On Polos
TRX5128,UMKM666,expense,460000.0,,2023-08-23 10:31:17,Setelan Anak Lucu
TRX5129,UMKM666,income,336000.0,Pembayaran tunai,2023-04-03 10:31:17,Polo Shirt Pria
TRX5130,UMKM667,expense,240000.0,Tunai,2022-09-16 11:41:52,Pupuk Urea 50kg
TRX5131,UMKM667,income,102000.0,Dana,2021-03-11 11:41:52,Pupuk NPK Mutiara
TRX5132,UMKM667,expense,77000.0,Transfer Mandiri,2021-09-21 11:41:52,Keripik Pisang
TRX5133,UMKM668,income,309000.0,Dana,2022-12-21 00:26:21,Multivitamin Anak
TRX5134,UMKM668,expense,366000.0,Transfer Mandiri,2021-09-30 00:26:21,Nebulizer
TRX5135,UMKM668,income,132000.0,Pembayaran tunai,2023-02-07 00:26:21,Paket Spa Relaksasi
TRX5136,UMKM669,income,56000.0,Transfer BRI,2022-03-13 14:00:03,Basreng Kering
TRX5137,UMKM669,income,143000.0,Transfer BRI,2023-02-15 14:00:03,Matcha Latte
TRX5138,UMKM669,expense,125000.0,Tunai,2023-06-26 14:00:03,Nasi Goreng Spesial
TRX5139,UMKM669,income,289000.0,,2023-09-01 14:00:03,Mie Ayam Pangsit
TRX5140,UMKM669,expense,226000.0,Tunai,2023-06-10 14:00:03,Bakso Mercon
TRX5141,UMKM669,income,200000.0,,2023-01-15 14:00:03,Pudding Coklat
TRX5142,UMKM669,income,105000.0,Pembayaran tunai,2023-08-05 14:00:03,Pudding Coklat
TRX5143,UMKM669,expense,79000.0,-,2023-07-29 14:00:03,Basreng Kering
TRX5144,UMKM669,income,81000.0,Transfer BRI,2023-07-06 14:00:03,Basreng Kering
TRX5145,UMKM669,income,247000.0,Transfer BCA,2023-05-20 14:00:03,Pudding Coklat
TRX5146,UMKM669,income,9000.0,Dana,2022-03-23 14:00:03,Pudding Coklat
TRX5147,UMKM669,income,95000.0,,2022-09-08 14:00:03,Basreng Kering
TRX5148,UMKM669,expense,220000.0,Transfer BNI,2023-01-19 14:00:03,Jus Alpukat
TRX5149,UMKM670,income,4192000.0,Gopay,2024-06-04 01:23:20,Setup Server
TRX5150,UMKM670,expense,1201000.0,,2023-08-07 01:23:20,Sensor Suhu Gudang
TRX5151,UMKM670,expense,4335000.0,Transfer BNI,2024-02-20 01:23:20,Kamera IP CCTV
TRX5152,UMKM670,income,4474000.0,Transfer BCA,2024-07-01 01:23:20,
TRX5153,UMKM670,expense,2686000.0,Tunai,2025-04-02 01:23:20,App Mobile Android
TRX5154,UMKM670,expense,4086000.0,Transfer BNI,2024-12-23 01:23:20,Sistem Irigasi Otomatis
TRX5155,UMKM670,income,2557000.0,Transfer BCA,2023-11-08 01:23:20,Setup Server
TRX5156,UMKM670,expense,2155000.0,,2024-02-23 01:23:20,Platform E-commerce
TRX5157,UMKM671,expense,1201000.0,Cash,2022-10-21 20:15:24,Tune Up Mobil
TRX5158,UMKM671,income,1808000.0,Dana,2022-08-05 20:15:24,Jasa Titip Belanja
TRX5159,UMKM671,income,1212000.0,,2023-07-05 20:15:24,
TRX5160,UMKM671,income,147000.0,Transfer BRI,2023-07-13 20:15:24,Pengiriman Barang Kota
TRX5161,UMKM671,expense,865000.0,Tunai,2023-04-10 20:15:24,Paket Umroh
TRX5162,UMKM671,expense,252000.0,Tunai,2023-04-25 20:15:24,Paket Wisata Bali
TRX5163,UMKM671,income,1464000.0,Transfer BRI,2022-09-30 20:15:24,Pengiriman Barang Kota
TRX5164,UMKM672,income,88000.0,Pembayaran tunai,2023-03-28 20:27:14,Risol Mayo
TRX5165,UMKM672,income,35000.0,,2022-10-20 20:27:14,Risol Mayo
TRX5166,UMKM672,expense,115000.0,Transfer BNI,2022-03-28 20:27:14,Klepon
TRX5167,UMKM672,expense,135000.0,Tunai,2023-05-22 20:27:14,Teh Tarik
TRX5168,UMKM672,expense,248000.0,Cash,2023-07-15 20:27:14,Catering Pernikahan
TRX5169,UMKM672,expense,54000.0,Transfer BNI,2022-08-29 20:27:14,Makaroni Goreng
TRX5170,UMKM672,income,235000.0,,2023-01-16 20:27:14,Kue Cubit
TRX5171,UMKM672,income,176000.0,,2022-02-12 20:27:14,Kue Cubit
TRX5172,UMKM672,income,138000.0,Transfer BCA,2021-12-25 20:27:14,Basreng Kering
TRX5173,UMKM672,expense,189000.0,Cash,2023-05-08 20:27:14,Nasi Goreng Spesial
TRX5174,UMKM672,income,189000.0,-,2022-03-07 20:27:14,Kue Cubit
TRX5175,UMKM673,expense,1197000.0,Transfer Mandiri,2022-09-30 08:24:16,Pelatihan K3
TRX5176,UMKM673,expense,1191000.0,Tunai,2024-04-26 08:24:16,Pelatihan Sales
TRX5177,UMKM673,income,577000.0,,2023-05-09 08:24:16,Kursus Editing Video
TRX5178,UMKM673,expense,754000.0,Transfer BNI,2023-01-07 08:24:16,Buku Bisnis Online
TRX5179,UMKM673,expense,90000.0,Cash,2023-11-06 08:24:16,Kursus Memasak
TRX5180,UMKM673,income,893000.0,OVO,2023-05-02 08:24:16,Kursus Editing Video
TRX5181,UMKM673,income,298000.0,Gopay,2022-09-23 08:24:16,Buku TOEFL
TRX5182,UMKM673,expense,769000.0,,2024-04-23 08:24:16,Pelatihan Sales
TRX5183,UMKM674,expense,111000.0,Cash,2024-05-10 19:34:36,Singkong Segar
TRX5184,UMKM674,income,285000.0,,2024-12-03 19:34:36,Jagung Pipil Kering
TRX5185,UMKM674,expense,99000.0,Tunai,2024-11-02 19:34:36,Pupuk KCl
TRX5186,UMKM674,expense,155000.0,Transfer BNI,2023-08-04 19:34:36,Kacang Tanah
TRX5187,UMKM674,income,191000.0,Dana,2023-11-09 19:34:36,Singkong Segar
TRX5188,UMKM674,expense,176000.0,Transfer BNI,2024-06-26 19:34:36,Pupuk Organik Cair
TRX5189,UMKM675,expense,266000.0,,2024-09-26 15:32:32,
TRX5190,UMKM675,expense,254000.0,Transfer BNI,2024-05-21 15:32:32,Cireng Isi
TRX5191,UMKM675,income,233000.0,OVO,2023-08-28 15:32:32,
TRX5192,UMKM675,income,45000.0,,2023-11-01 15:32:32,Basreng Kering
TRX5193,UMKM675,income,200000.0,Gopay,2023-08-02 15:32:32,Basreng Kering
TRX5194,UMKM675,income,151000.0,Transfer BRI,2024-08-20 15:32:32,Basreng Kering
TRX5195,UMKM675,income,242000.0,Transfer BRI,2023-04-16 15:32:32,
TRX5196,UMKM675,expense,79000.0,Tunai,2023-10-27 15:32:32,Es Boba
TRX5197,UMKM675,expense,90000.0,,2025-01-27 15:32:32,Klepon
TRX5198,UMKM675,income,177000.0,,2023-11-26 15:32:32,Cireng Isi
TRX5199,UMKM676,income,230000.0,Transfer BCA,2022-09-10 08:49:38,Cek Gula Darah
TRX5200,UMKM676,expense,338000.0,Transfer BNI,2023-03-15 08:49:38,Pulse Oximeter
TRX5201,UMKM676,income,328000.0,Transfer BRI,2023-02-02 08:49:38,Cek Gula Darah
TRX5202,UMKM676,income,307000.0,,2023-04-09 08:49:38,Cek Gula Darah
TRX5203,UMKM676,income,222000.0,,2022-07-19 08:49:38,Cek Gula Darah
TRX5204,UMKM677,expense,41000.0,Tunai,2023-09-04 23:08:11,Nasi Goreng Spesial
TRX5205,UMKM677,expense,45000.0,Cash,2023-02-27 23:08:11,Pecel Lele
TRX5206,UMKM677,income,87000.0,,2022-04-20 23:08:11,Snack Box Meeting
TRX5207,UMKM677,income,180000.0,Transfer BCA,2023-08-11 23:08:11,Catering Pernikahan
TRX5208,UMKM677,expense,121000.0,Cash,2023-01-28 23:08:11,Risol Mayo
TRX5209,UMKM677,income,165000.0,Dana,2022-07-07 23:08:11,Risol Mayo
TRX5210,UMKM677,income,167000.0,Gopay,2022-11-21 23:08:11,Klepon
TRX5211,UMKM677,income,154000.0,,2022-11-18 23:08:11,Paket Prasmanan
TRX5212,UMKM677,income,141000.0,OVO,2022-04-17 23:08:11,Snack Box Meeting
TRX5213,UMKM677,income,207000.0,Pembayaran tunai,2022-04-18 23:08:11,Klepon
TRX5214,UMKM677,income,143000.0,,2022-09-26 23:08:11,Paket Nasi Box
TRX5215,UMKM677,income,232000.0,Transfer BCA,2022-08-18 23:08:11,Paket Prasmanan
TRX5216,UMKM677,income,190000.0,Dana,2023-03-12 23:08:11,Catering Kantor
TRX5217,UMKM677,income,271000.0,Gopay,2022-09-14 23:08:11,Bolu Kukus
TRX5218,UMKM677,income,235000.0,Transfer BRI,2023-10-06 23:08:11,Paket Prasmanan
TRX5219,UMKM678,expense,473000.0,Tunai,2024-04-14 16:15:55,
TRX5220,UMKM678,expense,221000.0,Cash,2023-02-12 16:15:55,Cardigan Wanita
TRX5221,UMKM678,income,238000.0,Transfer BCA,2023-06-25 16:15:55,Dompet Wanita
TRX5222,UMKM678,income,924000.0,Gopay,2023-01-23 16:15:55,Kemeja Batik Pria
TRX5223,UMKM678,income,73000.0,,2023-12-04 16:15:55,Kemeja Batik Pria
TRX5224,UMKM678,income,178000.0,,2023-05-11 16:15:55,Celana Chino Pria
TRX5225,UMKM678,income,795000.0,Transfer BRI,2023-04-07 16:15:55,Dompet Wanita
TRX5226,UMKM678,expense,290000.0,Transfer Mandiri,2022-06-01 16:15:55,
TRX5227,UMKM678,income,727000.0,,2023-04-07 16:15:55,
TRX5228,UMKM679,income,307000.0,,2022-11-19 07:25:09,Celana Chino Pria
TRX5229,UMKM679,income,811000.0,Dana,2022-12-26 07:25:09,Sepatu Boots
TRX5230,UMKM679,expense,767000.0,Transfer BNI,2023-02-09 07:25:09,Jaket Anak
TRX5231,UMKM679,income,817000.0,,2022-06-21 07:25:09,Polo Shirt Pria
TRX5232,UMKM679,income,131000.0,Gopay,2021-08-16 07:25:09,Sepatu Boots
TRX5233,UMKM679,income,265000.0,Pembayaran tunai,2022-12-05 07:25:09,Polo Shirt Pria
TRX5234,UMKM679,expense,220000.0,,2022-07-16 07:25:09,Dress Casual
TRX5235,UMKM679,expense,456000.0,Cash,2022-01-07 07:25:09,Celana Kulot
TRX5236,UMKM679,income,155000.0,,2021-07-27 07:25:09,Dompet Wanita
TRX5237,UMKM680,income,147000.0,Transfer BCA,2025-07-26 14:21:06,Jaket Anak
TRX5238,UMKM680,income,115000.0,Pembayaran tunai,2025-05-13 14:21:06,Setelan Anak Lucu
TRX5239,UMKM680,income,949000.0,Dana,2025-09-03 14:21:06,Sepatu Sneakers
TRX5240,UMKM680,income,534000.0,Transfer BRI,2025-06-09 14:21:06,Celana Pendek Anak
TRX5241,UMKM680,expense,611000.0,Tunai,2024-03-24 14:21:06,Tas Kulit Mini
TRX5242,UMKM680,income,105000.0,OVO,2025-03-19 14:21:06,Setelan Anak Lucu
TRX5243,UMKM680,income,76000.0,Pembayaran tunai,2023-11-19 14:21:06,Topi Baseball
TRX5244,UMKM680,income,839000.0,Gopay,2024-05-09 14:21:06,Setelan Anak Lucu
TRX5245,UMKM681,expense,228000.0,,2022-07-06 16:10:13,
TRX5246,UMKM681,income,293000.0,Transfer BRI,2023-03-12 16:10:13,Gelang Manik Handmade
TRX5247,UMKM681,expense,416000.0,Tunai,2023-03-11 16:10:13,Hiasan Dinding Batik
TRX5248,UMKM681,expense,67000.0,Transfer Mandiri,2021-12-03 16:10:13,Lampu Rotan
TRX5249,UMKM682,income,58000.0,Transfer BCA,2024-05-16 11:11:40,
TRX5250,UMKM682,expense,139000.0,Cash,2024-09-26 11:11:40,
TRX5251,UMKM682,income,84000.0,Transfer BRI,2023-11-06 11:11:40,Catering Kantor
TRX5252,UMKM682,income,48000.0,,2024-02-06 11:11:40,Keripik Singkong Pedas
TRX5253,UMKM682,income,204000.0,Gopay,2024-07-11 11:11:40,
TRX5254,UMKM682,income,163000.0,Dana,2025-05-04 11:11:40,Bakso Mercon
TRX5255,UMKM682,income,122000.0,Gopay,2025-08-30 11:11:40,Bakso Mercon
TRX5256,UMKM682,income,131000.0,OVO,2025-01-10 11:11:40,Bakso Mercon
TRX5257,UMKM682,expense,150000.0,Cash,2025-03-29 11:11:40,Nasi Goreng Spesial
TRX5258,UMKM682,income,231000.0,Transfer BRI,2024-10-15 11:11:40,Bakso Mercon
TRX5259,UMKM682,income,69000.0,Transfer BCA,2023-12-12 11:11:40,Paket Prasmanan
TRX5260,UMKM682,expense,72000.0,Transfer BNI,2024-03-24 11:11:40,Makaroni Goreng
TRX5261,UMKM683,income,274000.0,Transfer BCA,2023-11-19 08:43:45,
TRX5262,UMKM683,income,92000.0,Pembayaran tunai,2024-11-05 08:43:45,Catering Kantor
TRX5263,UMKM683,expense,19000.0,Transfer Mandiri,2024-12-22 08:43:45,Klepon
TRX5264,UMKM683,expense,22000.0,Transfer Mandiri,2025-05-04 08:43:45,Makaroni Goreng
TRX5265,UMKM683,income,187000.0,Transfer BCA,2024-12-22 08:43:45,Snack Box Meeting
TRX5266,UMKM683,income,171000.0,Transfer BRI,2025-07-10 08:43:45,Keripik Singkong Pedas
TRX5267,UMKM683,expense,248000.0,Cash,2024-08-27 08:43:45,Basreng Kering
TRX5268,UMKM683,expense,244000.0,Cash,2024-04-21 08:43:45,Klepon
TRX5269,UMKM683,expense,281000.0,Transfer Mandiri,2024-05-15 08:43:45,Bakso Mercon
TRX5270,UMKM683,income,144000.0,,2025-02-21 08:43:45,Paket Prasmanan
TRX5271,UMKM683,expense,285000.0,Transfer BNI,2024-12-31 08:43:45,Pudding Coklat
TRX5272,UMKM683,income,232000.0,,2023-08-17 08:43:45,Keripik Singkong Pedas
TRX5273,UMKM683,expense,74000.0,Transfer BNI,2023-12-16 08:43:45,Paket Prasmanan
TRX5274,UMKM683,income,281000.0,OVO,2023-11-02 08:43:45,Paket Nasi Box
TRX5275,UMKM683,expense,95000.0,,2024-12-10 08:43:45,
TRX5276,UMKM683,expense,238000.0,Transfer BNI,2023-08-31 08:43:45,
TRX5277,UMKM683,expense,293000.0,,2025-05-31 08:43:45,Gado-Gado
TRX5278,UMKM683,expense,227000.0,Transfer Mandiri,2025-02-09 08:43:45,Kue Cubit
TRX5279,UMKM683,expense,273000.0,Tunai,2025-06-30 08:43:45,Es Campur
TRX5280,UMKM683,income,278000.0,Transfer BCA,2025-01-07 08:43:45,Mie Ayam Pangsit
TRX5281,UMKM684,income,684000.0,,2023-06-13 19:10:55,Cuci Mobil
TRX5282,UMKM684,income,1911000.0,Transfer BRI,2024-06-11 19:10:55,Ganti Oli Motor
TRX5283,UMKM684,income,761000.0,,2023-10-06 19:10:55,Ganti Oli Motor
TRX5284,UMKM684,income,1036000.0,Transfer BRI,2022-12-17 19:10:55,Ganti Oli Motor
TRX5285,UMKM684,expense,1155000.0,Transfer BNI,2024-01-25 19:10:55,Ganti Oli Motor
TRX5286,UMKM685,income,515000.0,Pembayaran tunai,2021-05-01 19:01:50,Paket Wisata Bali
TRX5287,UMKM685,income,1698000.0,,2021-05-13 19:01:50,Pengiriman Barang Kota
TRX5288,UMKM685,expense,233000.0,Tunai,2021-02-21 19:01:50,Study Tour
TRX5289,UMKM685,expense,954000.0,Transfer BNI,2021-12-16 19:01:50,Tour Domestik
TRX5290,UMKM685,income,680000.0,Pembayaran tunai,2021-12-17 19:01:50,Pengiriman Barang Kota
TRX5291,UMKM685,income,799000.0,Transfer BRI,2021-10-06 19:01:50,Pengiriman Barang Kota
TRX5292,UMKM686,expense,1788000.0,Tunai,2023-06-25 13:17:26,Servis HP
TRX5293,UMKM686,expense,1164000.0,Transfer BNI,2023-12-08 13:17:26,Seminar Nasional
TRX5294,UMKM686,expense,737000.0,,2023-07-20 13:17:26,
TRX5295,UMKM686,expense,1343000.0,Tunai,2023-11-11 13:17:26,Konsultasi Bisnis
TRX5296,UMKM686,income,143000.0,Pembayaran tunai,2024-06-20 13:17:26,Paket Ulang Tahun
TRX5297,UMKM686,expense,100000.0,Transfer BNI,2025-01-03 13:17:26,
TRX5298,UMKM686,expense,2243000.0,Tunai,2024-07-14 13:17:26,Konsultasi Hukum
TRX5299,UMKM686,expense,658000.0,Cash,2024-09-27 13:17:26,Seminar Nasional
TRX5300,UMKM686,income,1508000.0,Pembayaran tunai,2023-08-08 13:17:26,Seminar Nasional
TRX5301,UMKM687,income,161000.0,Pembayaran tunai,2023-10-28 17:56:29,Layanan Perawat Rumah
TRX5302,UMKM687,income,255000.0,OVO,2024-06-04 17:56:29,Cek Gula Darah
TRX5303,UMKM687,income,288000.0,Transfer BRI,2025-02-16 17:56:29,Vitamin C 1000mg
TRX5304,UMKM688,income,58000.0,Transfer BRI,2022-11-13 10:51:13,Anting Mutiara
TRX5305,UMKM688,income,754000.0,Dana,2023-05-08 10:51:13,Sepatu Formal Pria
TRX5306,UMKM688,expense,994000.0,Cash,2023-06-06 10:51:13,Topi Baseball
TRX5307,UMKM688,income,553000.0,OVO,2023-11-01 10:51:13,Anting Mutiara
TRX5308,UMKM688,income,823000.0,,2022-11-15 10:51:13,Tunik Polos
TRX5309,UMKM688,expense,538000.0,,2023-07-17 10:51:13,Kemeja Batik Pria
TRX5310,UMKM688,income,356000.0,Gopay,2023-11-15 10:51:13,Tunik Polos
TRX5318,UMKM690,expense,129000.0,-,2024-05-07 13:38:50,Desain Logo
TRX5319,UMKM690,expense,2345000.0,Transfer Mandiri,2023-11-18 13:38:50,Konsultasi Marketing
TRX5320,UMKM690,income,1630000.0,Transfer BCA,2022-11-29 13:38:50,Penerjemah Dokumen
TRX5321,UMKM690,income,872000.0,Transfer BCA,2023-11-20 13:38:50,Desain Logo
TRX5322,UMKM690,income,1786000.0,Gopay,2022-09-21 13:38:50,Penerjemah Dokumen
TRX5323,UMKM690,expense,2396000.0,Cash,2022-10-14 13:38:50,Desain Banner
TRX5324,UMKM691,income,238000.0,,2022-12-22 16:54:05,
TRX5325,UMKM691,income,217000.0,Pembayaran tunai,2023-02-02 16:54:05,Vitamin C 1000mg
TRX5326,UMKM691,expense,142000.0,Transfer Mandiri,2022-10-15 16:54:05,Jamu Beras Kencur
TRX5327,UMKM691,expense,98000.0,Cash,2023-07-11 16:54:05,Kunyit Asam
TRX5328,UMKM691,income,381000.0,Transfer BCA,2023-05-24 16:54:05,Vitamin C 1000mg
TRX5329,UMKM692,income,6885000.0,-,2023-07-13 21:48:22,Pemasangan Wallpaper
TRX5330,UMKM692,expense,6699000.0,,2022-12-28 21:48:22,Dekorasi Kamar
TRX5331,UMKM693,income,501000.0,,2023-07-21 14:50:49,Buku TOEFL
TRX5332,UMKM693,income,588000.0,Gopay,2024-01-26 14:50:49,Kursus Mekanik
TRX5333,UMKM693,income,212000.0,Transfer BCA,2023-05-01 14:50:49,
TRX5334,UMKM693,expense,914000.0,Cash,2024-05-21 14:50:49,Kursus Editing Video
TRX5335,UMKM693,income,1330000.0,Gopay,2023-03-16 14:50:49,Buku Bisnis Online
TRX5336,UMKM693,income,540000.0,Transfer BRI,2023-06-17 14:50:49,Bimbel UN SD
TRX5337,UMKM694,expense,2216000.0,,2024-04-14 23:28:14,Konsultasi Pajak
TRX5338,UMKM694,income,2611000.0,Transfer BCA,2025-01-18 23:28:14,Konsultasi Bisnis
TRX5339,UMKM694,income,2942000.0,Pembayaran tunai,2024-03-10 23:28:14,Editing Video
TRX5340,UMKM694,income,2904000.0,Dana,2025-03-27 23:28:14,Editing Video
TRX5341,UMKM694,income,1213000.0,OVO,2024-08-15 23:28:14,Konsultasi Bisnis
TRX5342,UMKM694,income,1266000.0,Dana,2023-10-13 23:28:14,Data Entry
TRX5343,UMKM694,income,2756000.0,Transfer BRI,2023-07-12 23:28:14,Data Entry
TRX5344,UMKM694,income,2278000.0,Transfer BCA,2023-12-17 23:28:14,Editing Video
TRX5345,UMKM695,income,142000.0,,2022-10-01 21:43:08,Catering Kantor
TRX5346,UMKM695,income,216000.0,Gopay,2022-10-09 21:43:08,Catering Pernikahan
TRX5347,UMKM695,income,101000.0,Pembayaran tunai,2021-09-28 21:43:08,Bakso Mercon
TRX5348,UMKM695,expense,40000.0,Tunai,2022-10-31 21:43:08,
TRX5349,UMKM695,income,98000.0,Dana,2021-11-08 21:43:08,Catering Kantor
TRX5350,UMKM695,income,74000.0,Dana,2021-03-18 21:43:08,Catering Pernikahan
TRX5351,UMKM695,expense,153000.0,Transfer BNI,2021-11-02 21:43:08,Makaroni Goreng
TRX5352,UMKM695,expense,61000.0,Tunai,2022-02-15 21:43:08,Paket Prasmanan
TRX5353,UMKM695,income,238000.0,,2022-12-01 21:43:08,Catering Pernikahan
TRX5354,UMKM695,income,236000.0,,2021-07-30 21:43:08,Catering Pernikahan
TRX5355,UMKM695,income,144000.0,-,2021-04-19 21:43:08,Catering Pernikahan
TRX5356,UMKM695,expense,256000.0,,2021-08-31 21:43:08,Paket Prasmanan
TRX5357,UMKM695,income,101000.0,Dana,2021-11-24 21:43:08,Bakso Mercon
TRX5358,UMKM695,income,169000.0,Dana,2021-09-05 21:43:08,Bakso Mercon
TRX5359,UMKM696,income,19000.0,,2023-08-11 05:58:53,Beras Premium 5kg
TRX5360,UMKM696,expense,87000.0,Tunai,2023-05-09 05:58:53,Pupuk NPK Mutiara
TRX5361,UMKM696,expense,35000.0,Transfer BNI,2022-01-20 05:58:53,
TRX5362,UMKM696,expense,283000.0,Transfer Mandiri,2022-10-06 05:58:53,Mesin Pompa Air
TRX5363,UMKM696,expense,21000.0,Transfer Mandiri,2023-03-25 05:58:53,
TRX5364,UMKM697,expense,430000.0,,2022-07-20 15:11:39,Kursus Public Speaking
TRX5365,UMKM697,income,259000.0,OVO,2022-10-24 15:11:39,Pelatihan K3
TRX5366,UMKM697,expense,627000.0,,2022-05-11 15:11:39,Bimbel Bahasa Inggris
TRX5367,UMKM697,expense,601000.0,Transfer BNI,2022-04-28 15:11:39,Kursus Komputer
TRX5368,UMKM698,income,306000.0,Gopay,2021-09-23 03:30:37,Kursus Python Pemula
TRX5369,UMKM698,income,947000.0,Gopay,2021-11-26 03:30:37,Kursus Python Pemula
TRX5370,UMKM698,income,66000.0,Transfer BCA,2021-08-29 03:30:37,Workshop Fotografi
TRX5371,UMKM698,income,526000.0,Dana,2022-08-31 03:30:37,Kursus Python Pemula
TRX5372,UMKM698,expense,234000.0,Transfer BNI,2021-12-23 03:30:37,Kursus Menjahit
TRX5373,UMKM698,income,358000.0,,2022-02-10 03:30:37,Kursus Python Pemula
TRX5374,UMKM698,income,80000.0,Pembayaran tunai,2022-11-25 03:30:37,Kursus Python Pemula
TRX5375,UMKM698,expense,1060000.0,Transfer BNI,2021-10-17 03:30:37,Workshop Fotografi
TRX5376,UMKM699,income,1879000.0,Gopay,2022-08-12 01:15:12,Website Company Profile
TRX5377,UMKM699,income,2900000.0,Gopay,2023-06-10 01:15:12,Maintenance Jaringan
TRX5378,UMKM699,income,3542000.0,Transfer BCA,2021-12-29 01:15:12,Pembuatan Website
TRX5379,UMKM699,income,2652000.0,Gopay,2022-10-24 01:15:12,Website Company Profile
TRX5380,UMKM699,income,4182000.0,Gopay,2022-01-20 01:15:12,Pembuatan Website
TRX5381,UMKM699,expense,3142000.0,Tunai,2022-07-23 01:15:12,Printer Thermal
TRX5382,UMKM699,expense,3898000.0,Cash,2022-11-17 01:15:12,Software Akuntansi
TRX5383,UMKM700,income,26000.0,Transfer BRI,2025-07-01 01:22:37,Bibit Padi Ciherang
TRX5384,UMKM700,income,179000.0,OVO,2025-01-28 01:22:37,Abon Ikan
TRX5385,UMKM700,expense,51000.0,Transfer Mandiri,2024-06-14 01:22:37,Pupuk NPK Mutiara
TRX5386,UMKM700,income,84000.0,Transfer BRI,2024-04-01 01:22:37,Abon Ikan
TRX5387,UMKM701,income,33000.0,Gopay,2023-06-09 07:56:27,Cireng Isi
TRX5388,UMKM701,income,141000.0,,2023-12-06 07:56:27,Snack Box Meeting
TRX5389,UMKM701,income,205000.0,Transfer BCA,2022-07-08 07:56:27,Cireng Isi
TRX5390,UMKM701,income,41000.0,Transfer BRI,2022-07-18 07:56:27,Es Campur
TRX5391,UMKM701,expense,283000.0,Transfer Mandiri,2022-11-13 07:56:27,
TRX5392,UMKM701,income,245000.0,Pembayaran tunai,2022-10-26 07:56:27,Cireng Isi
TRX5393,UMKM701,expense,97000.0,Transfer Mandiri,2023-11-05 07:56:27,Klepon
TRX5394,UMKM701,income,103000.0,Gopay,2023-04-10 07:56:27,Cireng Isi
TRX5395,UMKM701,income,133000.0,,2023-11-18 07:56:27,Cireng Isi
TRX5396,UMKM701,income,200000.0,Transfer BRI,2022-09-21 07:56:27,Es Teh Manis
TRX5397,UMKM701,expense,11000.0,,2023-02-15 07:56:27,Dadar Gulung
TRX5398,UMKM701,expense,67000.0,-,2022-05-21 07:56:27,Kue Cubit
TRX5399,UMKM701,expense,132000.0,Tunai,2024-01-19 07:56:27,Bakso Mercon
TRX5400,UMKM701,expense,202000.0,Tunai,2024-01-12 07:56:27,Kopi Susu
TRX5401,UMKM701,income,231000.0,Gopay,2024-01-26 07:56:27,Snack Box Meeting
TRX5402,UMKM701,expense,131000.0,Transfer Mandiri,2023-10-27 07:56:27,Keripik Singkong Pedas
TRX5403,UMKM701,expense,22000.0,Transfer Mandiri,2024-02-01 07:56:27,Es Krim Lokal
TRX5404,UMKM701,expense,106000.0,Cash,2023-06-15 07:56:27,
TRX5405,UMKM702,expense,1987000.0,,2024-03-27 15:52:42,
TRX5406,UMKM702,income,484000.0,,2024-08-25 15:52:42,Konsultasi Bisnis
TRX5407,UMKM702,expense,2234000.0,Tunai,2024-05-18 15:52:42,Konsultasi Keuangan
TRX5408,UMKM702,expense,2827000.0,Transfer BNI,2024-09-25 15:52:42,Servis HP
TRX5409,UMKM702,income,953000.0,Transfer BCA,2023-09-07 15:52:42,Konsultasi Bisnis
TRX5410,UMKM703,expense,267000.0,Transfer BNI,2024-05-01 09:54:10,Bingkai Foto
TRX5411,UMKM703,income,224000.0,Gopay,2023-12-24 09:54:10,Cermin Ukir
TRX5412,UMKM703,income,373000.0,Pembayaran tunai,2025-09-09 09:54:10,Gantungan Kunci Custom
TRX5413,UMKM704,income,164000.0,OVO,2025-08-17 09:28:20,Pudding Coklat
TRX5414,UMKM704,expense,170000.0,Tunai,2024-03-23 09:28:20,Risol Mayo
TRX5415,UMKM704,expense,86000.0,,2024-01-07 09:28:20,Catering Kantor
TRX5416,UMKM704,income,26000.0,OVO,2024-12-25 09:28:20,Catering Pernikahan
TRX5417,UMKM704,expense,286000.0,,2024-09-02 09:28:20,
TRX5418,UMKM704,income,271000.0,OVO,2024-09-12 09:28:20,Catering Pernikahan
TRX5419,UMKM704,expense,67000.0,,2023-11-24 09:28:20,Wedang Jahe
TRX5420,UMKM704,income,134000.0,OVO,2024-12-07 09:28:20,Pudding Coklat
TRX5421,UMKM704,income,251000.0,Transfer BRI,2024-02-27 09:28:20,Makaroni Goreng
TRX5422,UMKM704,expense,157000.0,Transfer Mandiri,2024-05-27 09:28:20,Soto Ayam
TRX5423,UMKM704,income,106000.0,Transfer BRI,2024-10-03 09:28:20,Pudding Coklat
TRX5424,UMKM704,expense,189000.0,,2024-09-26 09:28:20,Es Boba
TRX5425,UMKM705,income,526000.0,Gopay,2023-05-05 10:39:24,Smart Lock Pintu
TRX5426,UMKM705,income,1884000.0,Transfer BRI,2023-05-19 10:39:24,Aplikasi Kasir UMKM
TRX5427,UMKM705,expense,1025000.0,Cash,2024-07-27 10:39:24,
TRX5428,UMKM705,expense,2033000.0,Cash,2024-01-17 10:39:24,Printer Thermal
TRX5429,UMKM706,income,698000.0,Gopay,2023-06-05 06:29:19,Dompet Wanita
TRX5430,UMKM706,expense,494000.0,Tunai,2024-10-24 06:29:19,Jaket Bomber Pria
TRX5431,UMKM706,income,382000.0,,2024-02-09 06:29:19,Dompet Wanita
TRX5432,UMKM706,income,65000.0,Gopay,2024-10-25 06:29:19,Dompet Wanita
TRX5433,UMKM706,income,221000.0,Pembayaran tunai,2024-07-21 06:29:19,Dompet Wanita
TRX5434,UMKM706,expense,863000.0,Transfer Mandiri,2024-08-01 06:29:19,Tas Kulit Mini
TRX5435,UMKM706,income,332000.0,Transfer BCA,2024-03-11 06:29:19,Dompet Wanita
TRX5436,UMKM706,expense,648000.0,,2024-03-04 06:29:19,Sepatu Boots
TRX5437,UMKM706,income,172000.0,Gopay,2023-08-03 06:29:19,Dompet Wanita
TRX5438,UMKM706,income,455000.0,Dana,2023-06-24 06:29:19,Dompet Wanita
TRX5439,UMKM706,income,858000.0,Transfer BRI,2025-02-24 06:29:19,Dompet Wanita
TRX5440,UMKM707,income,547000.0,Dana,2023-06-15 11:42:24,Ekspedisi Antar Pulau
TRX5441,UMKM707,income,68000.0,Pembayaran tunai,2024-06-21 11:42:24,Ekspedisi Antar Pulau
TRX5442,UMKM707,expense,136000.0,Tunai,2023-05-17 11:42:24,Sewa Pickup
TRX5443,UMKM707,expense,1240000.0,Transfer Mandiri,2023-03-22 11:42:24,
TRX5444,UMKM707,income,1654000.0,Transfer BRI,2023-05-09 11:42:24,Antar Jemput Sekolah
TRX5445,UMKM708,income,2929000.0,Gopay,2022-10-04 04:43:00,Konsultasi Pajak
TRX5446,UMKM708,expense,2046000.0,Cash,2023-03-27 04:43:00,Konsultasi Keuangan
TRX5447,UMKM708,income,2919000.0,Gopay,2022-10-09 04:43:00,
TRX5448,UMKM708,income,2542000.0,Dana,2023-07-02 04:43:00,Servis Kulkas
TRX5449,UMKM708,income,734000.0,Transfer BCA,2023-01-19 04:43:00,Servis Kulkas
TRX5450,UMKM708,income,1621000.0,Transfer BRI,2023-03-07 04:43:00,
TRX5451,UMKM708,income,466000.0,OVO,2023-09-23 04:43:00,Servis Kulkas
TRX5460,UMKM710,income,2660000.0,Transfer BCA,2024-07-22 02:35:43,Konsultasi Marketing
TRX5461,UMKM710,income,345000.0,Transfer BRI,2024-06-18 02:35:43,Konsultasi Marketing
TRX5462,UMKM710,expense,344000.0,Transfer BNI,2024-06-18 02:35:43,
TRX5463,UMKM710,expense,1556000.0,Transfer Mandiri,2023-10-23 02:35:43,Servis Laptop
TRX5464,UMKM710,expense,2740000.0,Tunai,2024-11-12 02:35:43,Penulisan Artikel SEO
TRX5465,UMKM710,income,730000.0,Gopay,2024-11-13 02:35:43,Konsultasi Marketing
TRX5466,UMKM710,income,2972000.0,Transfer BCA,2024-12-14 02:35:43,Penulisan Artikel SEO
TRX5467,UMKM710,income,2296000.0,,2023-08-08 02:35:43,Paket Ulang Tahun
TRX5468,UMKM710,expense,539000.0,Transfer BNI,2024-11-06 02:35:43,
TRX5469,UMKM711,expense,69000.0,Tunai,2023-11-13 07:44:05,Es Campur
TRX5470,UMKM711,income,254000.0,Dana,2023-12-06 07:44:05,Teh Tarik
TRX5471,UMKM711,income,124000.0,,2023-02-10 07:44:05,Basreng Kering
TRX5472,UMKM711,income,167000.0,Dana,2024-05-25 07:44:05,Teh Tarik
TRX5473,UMKM711,expense,290000.0,Cash,2022-11-28 07:44:05,Kopi Susu
TRX5474,UMKM711,income,182000.0,Transfer BCA,2023-06-17 07:44:05,Keripik Singkong Pedas
TRX5475,UMKM711,income,229000.0,OVO,2024-04-01 07:44:05,Teh Tarik
TRX5476,UMKM711,income,103000.0,Gopay,2024-05-13 07:44:05,Teh Tarik
TRX5477,UMKM711,expense,15000.0,,2024-04-05 07:44:05,
TRX5478,UMKM711,expense,198000.0,Tunai,2022-11-27 07:44:05,Catering Pernikahan
TRX5479,UMKM711,expense,188000.0,Transfer BNI,2024-07-16 07:44:05,Snack Box Meeting
TRX5480,UMKM711,expense,73000.0,,2023-10-15 07:44:05,Opak Angin
TRX5481,UMKM711,income,133000.0,Pembayaran tunai,2024-05-09 07:44:05,Teh Tarik
TRX5482,UMKM711,income,25000.0,Transfer BCA,2023-01-07 07:44:05,Es Teh Manis
TRX5483,UMKM711,expense,253000.0,,2023-06-09 07:44:05,
TRX5484,UMKM711,income,229000.0,OVO,2023-02-09 07:44:05,Es Teh Manis
TRX5485,UMKM712,expense,296000.0,,2023-05-22 01:22:16,
TRX5486,UMKM712,income,160000.0,Dana,2023-09-15 01:22:16,Abon Ikan
TRX5487,UMKM712,income,287000.0,OVO,2023-02-06 01:22:16,Traktor Mini
TRX5488,UMKM712,expense,260000.0,Transfer BNI,2022-11-28 01:22:16,Pupuk Urea 50kg
TRX5489,UMKM712,income,107000.0,Transfer BCA,2022-03-01 01:22:16,Pupuk Organik Cair
TRX5490,UMKM712,income,300000.0,,2022-08-27 01:22:16,
TRX5491,UMKM712,income,105000.0,,2023-11-21 01:22:16,Keripik Pisang
TRX5492,UMKM713,income,4553000.0,Dana,2021-03-26 22:46:19,Smart Lock Pintu
TRX5493,UMKM713,expense,2948000.0,Tunai,2022-04-15 22:46:19,App Mobile Android
TRX5494,UMKM713,income,2751000.0,Transfer BRI,2021-08-01 22:46:19,Smart Lock Pintu
TRX5495,UMKM713,income,3937000.0,OVO,2022-04-29 22:46:19,Smart Lock Pintu
TRX5496,UMKM713,income,2355000.0,OVO,2022-09-15 22:46:19,Sistem ERP
TRX5497,UMKM714,expense,469000.0,Transfer BNI,2025-05-12 13:27:28,Kotak Perhiasan Kayu
TRX5498,UMKM714,income,450000.0,Dana,2025-06-20 13:27:28,Lampu Rotan
TRX5499,UMKM714,income,331000.0,OVO,2024-05-12 13:27:28,Lampu Botol Kaca
TRX5500,UMKM714,income,493000.0,Transfer BRI,2024-07-04 13:27:28,Lampu Rotan
TRX5501,UMKM714,income,465000.0,Transfer BCA,2023-10-25 13:27:28,Lampu Rotan
TRX5502,UMKM714,income,308000.0,Transfer BCA,2023-12-07 13:27:28,Lampu Rotan
TRX5503,UMKM714,expense,107000.0,,2024-02-14 13:27:28,Kalung Macrame
TRX5504,UMKM715,expense,382000.0,Cash,2021-11-26 16:21:17,Servis AC Split
TRX5505,UMKM715,income,2275000.0,Gopay,2022-02-09 16:21:17,Penulisan Artikel SEO
TRX5506,UMKM715,income,734000.0,Dana,2022-06-03 16:21:17,Penulisan Artikel SEO
TRX5507,UMKM715,income,1940000.0,Transfer BCA,2022-11-13 16:21:17,Penerjemah Dokumen
TRX5508,UMKM715,income,1311000.0,OVO,2022-03-23 16:21:17,Penulisan Artikel SEO
TRX5509,UMKM715,income,1178000.0,-,2023-03-20 16:21:17,Servis AC Split
TRX5510,UMKM715,income,2318000.0,Transfer BCA,2023-08-22 16:21:17,
TRX5511,UMKM715,expense,1603000.0,Tunai,2023-08-04 16:21:17,Paket Pernikahan
TRX5512,UMKM715,expense,1959000.0,,2023-06-27 16:21:17,Seminar Nasional
TRX5513,UMKM716,expense,105000.0,Cash,2022-09-20 17:47:24,Sistem ERP
TRX5514,UMKM716,income,4244000.0,,2021-10-30 17:47:24,Monitoring Listrik IoT
TRX5515,UMKM716,expense,3205000.0,Transfer Mandiri,2021-11-08 17:47:24,Monitoring Listrik IoT
TRX5516,UMKM716,income,1619000.0,OVO,2022-05-22 17:47:24,
TRX5517,UMKM716,expense,253000.0,,2022-01-27 17:47:24,
TRX5518,UMKM716,expense,3082000.0,Cash,2021-12-22 17:47:24,Maintenance Jaringan
TRX5519,UMKM716,expense,2056000.0,Transfer BNI,2022-10-15 17:47:24,Kamera IP CCTV
TRX5520,UMKM716,income,2727000.0,Gopay,2021-06-25 17:47:24,Platform E-commerce
TRX5521,UMKM716,income,618000.0,Gopay,2021-06-27 17:47:24,Pembuatan Website
TRX5522,UMKM717,income,362000.0,Dana,2024-05-10 08:59:04,Tumbler Sablon
TRX5523,UMKM717,income,300000.0,,2024-08-20 08:59:04,Tumbler Sablon
TRX5524,UMKM717,expense,444000.0,Cash,2025-04-07 08:59:04,Anting Resin
TRX5525,UMKM718,income,3274000.0,Gopay,2022-04-24 04:37:05,App Pemesanan Online
TRX5526,UMKM718,income,1655000.0,Transfer BCA,2022-09-14 04:37:05,App Pemesanan Online
TRX5527,UMKM718,income,4393000.0,Dana,2022-10-22 04:37:05,App Pemesanan Online
TRX5528,UMKM718,income,4175000.0,Pembayaran tunai,2022-08-29 04:37:05,App Pemesanan Online
TRX5529,UMKM718,income,4617000.0,Transfer BRI,2022-08-12 04:37:05,App Pemesanan Online
TRX5530,UMKM719,expense,207000.0,Transfer Mandiri,2024-07-20 07:22:46,Sepatu Sneakers
TRX5531,UMKM719,expense,677000.0,Cash,2023-08-22 07:22:46,Sepatu Sneakers
TRX5532,UMKM719,expense,339000.0,,2023-11-11 07:22:46,Sepatu Boots
TRX5533,UMKM719,income,380000.0,,2023-06-15 07:22:46,Celana Panjang Pria
TRX5534,UMKM719,income,469000.0,Transfer BRI,2024-09-28 07:22:46,Celana Panjang Pria
TRX5535,UMKM719,income,706000.0,Transfer BRI,2024-06-16 07:22:46,
TRX5536,UMKM719,income,379000.0,Dana,2023-07-16 07:22:46,Celana Panjang Pria
TRX5537,UMKM719,income,163000.0,OVO,2025-03-05 07:22:46,Celana Panjang Pria
TRX5538,UMKM719,expense,148000.0,Transfer Mandiri,2023-06-27 07:22:46,Sepatu Boots
TRX5539,UMKM720,expense,9072000.0,Transfer BNI,2023-07-29 18:31:25,Pemasangan Keramik
TRX5540,UMKM720,income,1592000.0,Transfer BRI,2023-07-24 18:31:25,
TRX5541,UMKM720,income,1217000.0,Dana,2023-08-25 18:31:25,Jual Rumah KPR
TRX5542,UMKM721,expense,315000.0,,2025-06-27 07:46:23,Buku Matematika SMP
TRX5543,UMKM721,income,415000.0,OVO,2024-01-08 07:46:23,Bimbel UN SD
TRX5544,UMKM721,income,114000.0,Transfer BCA,2024-06-13 07:46:23,Kursus Python Pemula
TRX5545,UMKM721,income,463000.0,OVO,2023-11-07 07:46:23,Kursus Editing Video
TRX5546,UMKM721,income,269000.0,Gopay,2024-06-06 07:46:23,Kursus Digital Marketing
TRX5547,UMKM722,income,273000.0,Transfer BCA,2023-06-24 02:22:15,Cermin Ukir
TRX5548,UMKM722,expense,123000.0,Cash,2025-02-05 02:22:15,Lampu Botol Kaca
TRX5549,UMKM722,expense,75000.0,,2024-04-26 02:22:15,
TRX5550,UMKM722,expense,41000.0,Tunai,2024-02-14 02:22:15,Tas Plastik Daur Ulang
TRX5551,UMKM722,expense,317000.0,,2024-05-22 02:22:15,Cermin Ukir
TRX5552,UMKM723,expense,707000.0,Cash,2023-10-21 04:22:19,Celana Chino Pria
TRX5553,UMKM723,income,906000.0,Transfer BCA,2022-07-10 04:22:19,Setelan Anak Lucu
TRX5554,UMKM723,income,447000.0,Transfer BCA,2022-11-19 04:22:19,Topi Baseball
TRX5555,UMKM723,income,723000.0,Gopay,2023-05-14 04:22:19,Setelan Anak Lucu
TRX5557,UMKM723,income,588000.0,OVO,2024-03-11 04:22:19,Kaos Anak Motif
TRX5558,UMKM723,income,688000.0,OVO,2022-12-29 04:22:19,Sepatu Sneakers
TRX5559,UMKM723,expense,768000.0,Transfer Mandiri,2024-01-07 04:22:19,Rok Midi
TRX5560,UMKM723,expense,654000.0,,2023-09-18 04:22:19,Celana Pendek Anak
TRX5561,UMKM723,income,312000.0,Gopay,2023-01-09 04:22:19,Sepatu Sneakers
TRX5562,UMKM723,expense,100000.0,Tunai,2022-10-26 04:22:19,Setelan Anak Lucu
TRX5569,UMKM725,income,490000.0,Transfer BRI,2025-02-22 14:32:35,Vitamin C 1000mg
TRX5570,UMKM725,income,470000.0,Pembayaran tunai,2024-07-29 14:32:35,Multivitamin Anak
TRX5571,UMKM725,expense,441000.0,Transfer BNI,2025-09-21 14:32:35,Pijat Tradisional
TRX5572,UMKM725,expense,55000.0,Transfer BNI,2025-02-03 14:32:35,Pulse Oximeter
TRX5573,UMKM725,income,254000.0,,2024-10-11 14:32:35,Vitamin C 1000mg
TRX5574,UMKM726,income,36000.0,Dana,2024-08-09 16:13:07,Paket Prasmanan
TRX5575,UMKM726,income,189000.0,Transfer BCA,2025-03-18 16:13:07,Matcha Latte
TRX5576,UMKM726,income,290000.0,Transfer BCA,2025-11-12 16:13:07,Paket Nasi Box
TRX5577,UMKM726,expense,217000.0,Tunai,2025-06-10 16:13:07,Es Campur
TRX5578,UMKM726,expense,193000.0,,2025-08-05 16:13:07,
TRX5579,UMKM726,income,34000.0,Transfer BRI,2025-06-04 16:13:07,Matcha Latte
TRX5580,UMKM726,income,141000.0,Transfer BCA,2024-11-10 16:13:07,Catering Kantor
TRX5581,UMKM726,income,275000.0,Transfer BCA,2024-05-04 16:13:07,Snack Box Meeting
TRX5582,UMKM726,income,25000.0,Pembayaran tunai,2024-02-13 16:13:07,Pecel Lele
TRX5583,UMKM726,income,41000.0,Dana,2025-04-17 16:13:07,Pecel Lele
TRX5584,UMKM726,income,160000.0,Pembayaran tunai,2025-04-30 16:13:07,Catering Pernikahan
TRX5585,UMKM726,expense,44000.0,Cash,2024-06-25 16:13:07,Risol Mayo
TRX5586,UMKM726,expense,115000.0,,2025-02-26 16:13:07,Catering Pernikahan
TRX5587,UMKM726,income,270000.0,Dana,2025-04-15 16:13:07,Wedang Jahe
TRX5588,UMKM727,income,895000.0,Transfer BRI,2022-12-09 13:35:44,Laptop Refurbished
TRX5589,UMKM727,income,929000.0,Dana,2024-03-30 13:35:44,Laptop Refurbished
TRX5590,UMKM727,income,1992000.0,,2023-08-26 13:35:44,Scanner Barcode
TRX5591,UMKM727,income,4455000.0,Transfer BRI,2024-02-03 13:35:44,Laptop Refurbished
TRX5592,UMKM728,income,839000.0,OVO,2024-07-09 16:53:33,Tune Up Mobil
TRX5593,UMKM728,income,438000.0,Transfer BCA,2024-08-20 16:53:33,Tune Up Mobil
TRX5594,UMKM728,income,445000.0,,2024-12-07 16:53:33,Tune Up Mobil
TRX5595,UMKM728,expense,1127000.0,,2023-12-20 16:53:33,Tour Domestik
TRX5596,UMKM728,income,1395000.0,Pembayaran tunai,2024-07-14 16:53:33,Tune Up Mobil
TRX5597,UMKM728,expense,559000.0,Transfer Mandiri,2023-07-15 16:53:33,Gudang Sewa
TRX5598,UMKM728,expense,1217000.0,Tunai,2024-04-30 16:53:33,
TRX5599,UMKM728,income,1330000.0,OVO,2023-06-18 16:53:33,Tune Up Mobil
TRX5600,UMKM729,expense,96000.0,Transfer BNI,2023-02-12 18:15:19,Nasi Padang
TRX5601,UMKM729,income,290000.0,Transfer BRI,2022-12-02 18:15:19,Jus Alpukat
TRX5602,UMKM729,income,290000.0,,2022-03-03 18:15:19,Mie Ayam Pangsit
TRX5603,UMKM729,income,217000.0,Transfer BRI,2022-04-01 18:15:19,Snack Box Meeting
TRX5604,UMKM729,income,59000.0,OVO,2022-04-25 18:15:19,Mie Ayam Pangsit
TRX5605,UMKM729,income,300000.0,Pembayaran tunai,2022-03-13 18:15:19,Catering Kantor
TRX5606,UMKM729,income,188000.0,Pembayaran tunai,2023-06-18 18:15:19,Pudding Coklat
TRX5607,UMKM729,expense,239000.0,,2022-04-28 18:15:19,Es Teh Manis
TRX5608,UMKM729,income,223000.0,Pembayaran tunai,2022-06-26 18:15:19,Mie Ayam Pangsit
TRX5609,UMKM729,income,58000.0,Pembayaran tunai,2021-12-09 18:15:19,Pudding Coklat
TRX5610,UMKM729,expense,90000.0,Transfer BNI,2022-03-23 18:15:19,
TRX5611,UMKM729,expense,97000.0,,2022-03-21 18:15:19,Es Teh Manis
TRX5612,UMKM729,income,286000.0,Pembayaran tunai,2022-09-24 18:15:19,Catering Pernikahan
TRX5613,UMKM729,expense,210000.0,Cash,2022-08-30 18:15:19,Jus Alpukat
TRX5614,UMKM730,expense,1083000.0,,2022-12-12 12:42:17,Buku Resep Masakan
TRX5615,UMKM730,income,741000.0,,2023-06-05 12:42:17,Kursus Komputer
TRX5616,UMKM730,income,1396000.0,,2022-03-25 12:42:17,Buku Resep Masakan
TRX5617,UMKM730,income,373000.0,OVO,2022-03-20 12:42:17,Buku Resep Masakan
TRX5618,UMKM731,income,283000.0,Transfer BCA,2023-09-11 09:12:32,Pupuk Organik Cair
TRX5619,UMKM731,income,236000.0,,2022-08-26 09:12:32,Pupuk Organik Cair
TRX5620,UMKM731,income,190000.0,Pembayaran tunai,2022-09-19 09:12:32,Bibit Jagung Hibrida
TRX5621,UMKM731,income,171000.0,Dana,2022-05-05 09:12:32,Bibit Jagung Hibrida
TRX5622,UMKM731,expense,291000.0,,2023-05-29 09:12:32,Pupuk Kompos
TRX5623,UMKM731,income,176000.0,OVO,2023-01-14 09:12:32,Bibit Jagung Hibrida
TRX5624,UMKM732,income,195000.0,,2023-10-14 20:22:58,Catering Pernikahan
TRX5625,UMKM732,expense,216000.0,Transfer BNI,2023-12-26 20:22:58,Opak Angin
TRX5626,UMKM732,income,225000.0,OVO,2024-07-11 20:22:58,Catering Pernikahan
TRX5627,UMKM732,income,170000.0,Pembayaran tunai,2024-06-07 20:22:58,Nasi Padang
TRX5628,UMKM732,expense,128000.0,,2024-07-24 20:22:58,Lontong Sayur
TRX5629,UMKM732,income,293000.0,Dana,2023-09-15 20:22:58,Nasi Padang
TRX5630,UMKM732,income,284000.0,OVO,2023-10-02 20:22:58,Snack Box Meeting
TRX5631,UMKM732,income,114000.0,,2024-01-24 20:22:58,Nasi Padang
TRX5632,UMKM732,expense,197000.0,Cash,2023-11-28 20:22:58,Kue Cubit
TRX5633,UMKM732,expense,286000.0,Transfer BNI,2023-06-10 20:22:58,Keripik Singkong Pedas
TRX5634,UMKM732,income,135000.0,Gopay,2023-11-22 20:22:58,Nasi Padang
TRX5635,UMKM732,expense,189000.0,Transfer Mandiri,2024-05-21 20:22:58,Snack Box Meeting
TRX5636,UMKM732,income,236000.0,Gopay,2023-09-10 20:22:58,Nasi Padang
TRX5637,UMKM732,income,234000.0,Pembayaran tunai,2023-05-27 20:22:58,Nasi Padang
TRX5638,UMKM732,income,208000.0,Dana,2024-03-17 20:22:58,Catering Pernikahan
TRX5639,UMKM732,income,5000.0,,2024-02-10 20:22:58,Catering Pernikahan
TRX5640,UMKM732,expense,22000.0,Transfer BNI,2023-06-26 20:22:58,Brownies Kukus
TRX5641,UMKM732,income,150000.0,OVO,2022-11-05 20:22:58,Nasi Padang
TRX5642,UMKM733,expense,320000.0,,2024-04-27 06:41:50,Kunyit Asam
TRX5643,UMKM733,income,23000.0,,2025-01-18 06:41:50,Jahe Merah Instan
TRX5644,UMKM733,income,280000.0,-,2024-07-19 06:41:50,Kunyit Asam
TRX5645,UMKM734,income,74000.0,Transfer BCA,2021-03-17 23:15:56,
TRX5646,UMKM734,income,159000.0,,2022-02-26 23:15:56,Jus Alpukat
TRX5647,UMKM734,expense,8000.0,,2022-02-21 23:15:56,Bolu Kukus
TRX5648,UMKM734,income,158000.0,Pembayaran tunai,2022-01-26 23:15:56,Es Campur
TRX5649,UMKM734,expense,118000.0,Tunai,2021-02-25 23:15:56,Risol Mayo
TRX5650,UMKM734,income,114000.0,Transfer BCA,2022-01-23 23:15:56,
TRX5651,UMKM734,income,166000.0,,2022-11-09 23:15:56,Es Campur
TRX5652,UMKM734,income,16000.0,Pembayaran tunai,2021-10-05 23:15:56,Klepon
TRX5653,UMKM734,income,146000.0,Gopay,2022-11-11 23:15:56,Jus Alpukat
TRX5654,UMKM734,income,288000.0,Dana,2022-05-15 23:15:56,Matcha Latte
TRX5655,UMKM734,expense,266000.0,Tunai,2023-01-06 23:15:56,Gado-Gado
TRX5656,UMKM734,income,289000.0,Pembayaran tunai,2022-06-08 23:15:56,Bolu Kukus
TRX5657,UMKM734,income,297000.0,Transfer BCA,2022-08-05 23:15:56,Jus Alpukat
TRX5658,UMKM734,expense,297000.0,,2021-04-22 23:15:56,Wedang Jahe
TRX5659,UMKM734,income,84000.0,Pembayaran tunai,2021-08-22 23:15:56,Bolu Kukus
TRX5660,UMKM734,income,53000.0,,2021-05-14 23:15:56,Klepon
TRX5661,UMKM735,income,88000.0,Dana,2022-11-20 13:40:16,Anting Mutiara
TRX5662,UMKM735,income,521000.0,Transfer BRI,2022-09-04 13:40:16,Sepatu Boots
TRX5663,UMKM735,expense,414000.0,Transfer Mandiri,2022-06-10 13:40:16,Kemeja Pria Casual
TRX5664,UMKM735,income,209000.0,Transfer BCA,2023-10-20 13:40:16,Sepatu Boots
TRX5665,UMKM735,income,191000.0,Gopay,2023-12-18 13:40:16,Anting Mutiara
TRX5666,UMKM735,expense,321000.0,Tunai,2022-12-13 13:40:16,Kalung Emas Muda
TRX5667,UMKM735,expense,425000.0,Transfer BNI,2023-10-16 13:40:16,Dress Anak Pesta
TRX5668,UMKM736,income,960000.0,Transfer BCA,2022-04-12 14:37:17,Rok Midi
TRX5669,UMKM736,income,646000.0,Gopay,2023-01-03 14:37:17,Gamis Syari
TRX5670,UMKM736,expense,305000.0,Tunai,2023-05-26 14:37:17,Baju Tidur Anak
TRX5671,UMKM736,expense,288000.0,Cash,2024-01-12 14:37:17,Celana Pendek Anak
TRX5672,UMKM736,expense,312000.0,,2023-01-03 14:37:17,Kemeja Pria Casual
TRX5673,UMKM736,income,880000.0,Dana,2022-10-26 14:37:17,Dompet Wanita
TRX5674,UMKM736,income,357000.0,Gopay,2023-01-03 14:37:17,Celana Panjang Pria
TRX5675,UMKM737,income,144000.0,OVO,2022-11-23 10:18:53,Jaket Anak
TRX5676,UMKM737,income,634000.0,Transfer BCA,2023-07-07 10:18:53,Rok Midi
TRX5677,UMKM737,expense,459000.0,Tunai,2023-04-12 10:18:53,Setelan Anak Lucu
TRX5678,UMKM737,income,632000.0,Transfer BCA,2022-05-13 10:18:53,Rok Midi
TRX5679,UMKM737,income,989000.0,Transfer BCA,2021-10-24 10:18:53,Rok Midi
TRX5680,UMKM737,income,272000.0,Transfer BRI,2021-10-12 10:18:53,Jaket Bomber Pria
TRX5681,UMKM737,income,801000.0,,2021-09-02 10:18:53,Rok Midi
TRX5682,UMKM737,expense,129000.0,,2022-09-30 10:18:53,
TRX5683,UMKM738,income,395000.0,Pembayaran tunai,2023-07-16 05:42:36,Kotak Perhiasan Kayu
TRX5684,UMKM738,income,191000.0,Transfer BRI,2023-11-06 05:42:36,
TRX5685,UMKM738,income,430000.0,Transfer BRI,2024-09-11 05:42:36,
TRX5686,UMKM739,income,252000.0,Transfer BRI,2023-08-21 19:32:27,Rendang Padang
TRX5687,UMKM739,income,93000.0,,2022-04-04 19:32:27,Rendang Padang
TRX5688,UMKM739,income,254000.0,Dana,2023-10-26 19:32:27,Rendang Padang
TRX5689,UMKM739,income,300000.0,,2022-06-04 19:32:27,
TRX5690,UMKM739,income,53000.0,Transfer BCA,2023-06-02 19:32:27,Rendang Padang
TRX5691,UMKM739,expense,158000.0,Tunai,2023-07-17 19:32:27,Lontong Sayur
TRX5692,UMKM739,income,24000.0,Pembayaran tunai,2023-10-02 19:32:27,Rendang Padang
TRX5693,UMKM739,expense,300000.0,,2022-04-25 19:32:27,Keripik Singkong Pedas
TRX5694,UMKM739,income,200000.0,Transfer BCA,2023-11-16 19:32:27,Rendang Padang
TRX5695,UMKM739,expense,45000.0,Transfer Mandiri,2022-09-20 19:32:27,Bakso Mercon
TRX5696,UMKM739,income,33000.0,Pembayaran tunai,2023-05-31 19:32:27,
TRX5697,UMKM740,expense,176000.0,,2021-11-17 01:37:41,Snack Box Meeting
TRX5698,UMKM740,expense,183000.0,Cash,2022-08-13 01:37:41,
TRX5699,UMKM740,income,227000.0,Transfer BRI,2022-09-24 01:37:41,
TRX5700,UMKM740,expense,218000.0,Transfer Mandiri,2023-01-10 01:37:41,
TRX5701,UMKM740,income,66000.0,OVO,2022-01-20 01:37:41,Wedang Jahe
TRX5702,UMKM740,income,121000.0,OVO,2023-01-24 01:37:41,Nasi Goreng Spesial
TRX5703,UMKM740,income,10000.0,,2021-12-23 01:37:41,Nasi Goreng Spesial
TRX5704,UMKM740,income,200000.0,,2021-11-06 01:37:41,Nasi Goreng Spesial
TRX5705,UMKM740,expense,32000.0,Cash,2023-05-13 01:37:41,Kopi Susu
TRX5706,UMKM740,income,161000.0,Transfer BRI,2023-04-24 01:37:41,Nasi Goreng Spesial
TRX5707,UMKM740,income,273000.0,,2022-07-08 01:37:41,Nasi Goreng Spesial
TRX5708,UMKM740,expense,26000.0,,2022-12-12 01:37:41,Matcha Latte
TRX5709,UMKM740,income,168000.0,,2022-06-30 01:37:41,Mie Ayam Pangsit
TRX5710,UMKM740,income,281000.0,,2022-03-25 01:37:41,Mie Ayam Pangsit
TRX5711,UMKM740,income,294000.0,Pembayaran tunai,2022-03-28 01:37:41,Mie Ayam Pangsit
TRX5712,UMKM740,income,81000.0,,2022-06-19 01:37:41,
TRX5713,UMKM740,income,172000.0,Gopay,2022-10-03 01:37:41,Nasi Goreng Spesial
TRX5714,UMKM740,expense,262000.0,Transfer BNI,2023-06-14 01:37:41,Paket Prasmanan
TRX5715,UMKM741,income,1479000.0,Dana,2024-02-22 16:04:18,
TRX5716,UMKM741,expense,502000.0,Transfer BNI,2024-04-19 16:04:18,Sewa Motor Harian
TRX5717,UMKM741,expense,363000.0,,2024-08-28 16:04:18,Sewa Truk
TRX5718,UMKM741,income,153000.0,Gopay,2025-08-09 16:04:18,Tour Domestik
TRX5719,UMKM741,income,1429000.0,Transfer BCA,2024-03-17 16:04:18,
TRX5720,UMKM741,expense,1548000.0,Tunai,2025-01-01 16:04:18,Ekspedisi Antar Pulau
TRX5721,UMKM742,income,854000.0,OVO,2021-10-28 03:36:21,Servis Rem
TRX5722,UMKM742,income,962000.0,Dana,2021-08-06 03:36:21,Servis Rem
TRX5723,UMKM742,expense,1591000.0,Transfer Mandiri,2022-12-20 03:36:21,Last Mile Delivery
TRX5724,UMKM742,income,1268000.0,OVO,2021-06-04 03:36:21,Sewa Pickup
TRX5725,UMKM742,income,1228000.0,Pembayaran tunai,2021-10-30 03:36:21,Pengiriman Barang Kota
TRX5726,UMKM742,expense,1083000.0,,2022-07-13 03:36:21,Jasa Titip Belanja
TRX5727,UMKM742,expense,234000.0,,2021-05-26 03:36:21,Study Tour
TRX5728,UMKM743,income,1009000.0,Dana,2024-11-26 15:45:39,Gathering Perusahaan
TRX5729,UMKM743,income,1869000.0,Gopay,2025-05-06 15:45:39,Event Launching Produk
TRX5730,UMKM743,income,1286000.0,Transfer BRI,2025-02-14 15:45:39,Paket Ulang Tahun
TRX5731,UMKM743,expense,1715000.0,Transfer BNI,2024-07-20 15:45:39,
TRX5732,UMKM743,income,706000.0,,2025-04-23 15:45:39,Paket Ulang Tahun
TRX5733,UMKM743,expense,641000.0,Cash,2024-12-02 15:45:39,Penulisan Artikel SEO
TRX5734,UMKM743,expense,1476000.0,Transfer BNI,2025-01-13 15:45:39,Konsultasi Bisnis
TRX5735,UMKM743,income,438000.0,Pembayaran tunai,2024-10-25 15:45:39,Konsultasi Bisnis
TRX5736,UMKM743,income,2049000.0,OVO,2025-02-07 15:45:39,Editing Video
TRX5737,UMKM743,income,2440000.0,,2023-12-02 15:45:39,Editing Video
TRX5738,UMKM744,income,396000.0,,2022-10-19 12:21:46,Layanan Bidan
TRX5739,UMKM744,income,40000.0,Gopay,2023-09-07 12:21:46,Layanan Bidan
TRX5740,UMKM744,expense,295000.0,,2023-12-20 12:21:46,
TRX5741,UMKM744,income,219000.0,,2023-11-11 12:21:46,Layanan Bidan
TRX5742,UMKM744,income,149000.0,,2022-10-23 12:21:46,Layanan Bidan
TRX5743,UMKM745,expense,137000.0,Tunai,2024-01-10 20:01:19,
TRX5744,UMKM745,income,458000.0,Pembayaran tunai,2023-10-30 20:01:19,Heels Wanita
TRX5745,UMKM745,income,563000.0,,2024-07-20 20:01:19,Dompet Wanita
TRX5746,UMKM745,expense,494000.0,Cash,2023-08-05 20:01:19,Ikat Pinggang Pria
TRX5747,UMKM745,expense,842000.0,Tunai,2022-12-06 20:01:19,Kemeja Batik Pria
TRX5748,UMKM745,income,764000.0,,2023-02-07 20:01:19,Kalung Emas Muda
TRX5749,UMKM745,income,183000.0,,2023-06-07 20:01:19,Kalung Emas Muda
TRX5750,UMKM745,income,830000.0,,2024-03-17 20:01:19,Kalung Emas Muda
TRX5751,UMKM745,expense,188000.0,Transfer BNI,2023-12-01 20:01:19,
TRX5752,UMKM745,expense,542000.0,Transfer BNI,2023-02-03 20:01:19,Celana Chino Pria
TRX5753,UMKM745,income,622000.0,Transfer BCA,2022-12-17 20:01:19,Kalung Emas Muda
TRX5754,UMKM746,income,252000.0,Transfer BRI,2023-12-11 23:42:09,Cardigan Wanita
TRX5755,UMKM746,income,549000.0,,2024-10-06 23:42:09,Cardigan Wanita
TRX5756,UMKM746,expense,454000.0,Cash,2024-09-15 23:42:09,Atasan Motif
TRX5757,UMKM746,income,717000.0,,2025-09-23 23:42:09,Cardigan Wanita
TRX5758,UMKM746,income,635000.0,Gopay,2024-03-30 23:42:09,Celana Pendek Anak
TRX5759,UMKM746,income,250000.0,Gopay,2025-10-17 23:42:09,
TRX5760,UMKM746,expense,624000.0,,2024-09-04 23:42:09,Sepatu Sneakers
TRX5761,UMKM746,income,680000.0,Dana,2025-03-21 23:42:09,Cardigan Wanita
TRX5762,UMKM746,income,803000.0,Gopay,2025-07-24 23:42:09,Cardigan Wanita
TRX5763,UMKM746,income,586000.0,,2025-09-21 23:42:09,Cardigan Wanita
TRX5764,UMKM747,expense,1108000.0,Transfer BNI,2024-09-12 14:36:48,Event Launching Produk
TRX5765,UMKM747,expense,1092000.0,Transfer BNI,2024-10-23 14:36:48,
TRX5766,UMKM747,income,393000.0,Gopay,2023-06-01 14:36:48,Seminar Nasional
TRX5767,UMKM747,expense,1190000.0,,2023-03-23 14:36:48,Konsultasi Keuangan
TRX5768,UMKM747,income,1861000.0,,2024-09-07 14:36:48,Seminar Nasional
TRX5769,UMKM747,income,1424000.0,,2023-11-01 14:36:48,Seminar Nasional
TRX5770,UMKM748,income,365000.0,,2025-06-13 09:26:41,Kunyit Asam
TRX5771,UMKM748,expense,488000.0,Cash,2024-05-03 09:26:41,Jamu Beras Kencur
TRX5772,UMKM748,income,309000.0,Gopay,2025-02-03 09:26:41,Lulur Badan
TRX5773,UMKM748,expense,60000.0,Tunai,2023-10-20 09:26:41,Lulur Badan
TRX5774,UMKM748,income,72000.0,Transfer BRI,2024-05-18 09:26:41,Lulur Badan
TRX5775,UMKM748,expense,358000.0,Transfer Mandiri,2023-10-14 09:26:41,Cek Gula Darah
TRX5776,UMKM749,expense,7276000.0,,2024-05-07 09:33:47,Furniture Custom
TRX5777,UMKM750,income,917000.0,,2024-07-04 00:25:49,Bimbel SBMPTN
TRX5778,UMKM750,income,798000.0,Pembayaran tunai,2025-03-09 00:25:49,Bimbel SBMPTN
TRX5779,UMKM750,income,763000.0,Transfer BCA,2025-04-23 00:25:49,Bimbel SBMPTN
TRX5780,UMKM750,expense,440000.0,Transfer Mandiri,2025-04-21 00:25:49,Kursus Python Pemula
TRX7355,UMKM195,income,1413000.0,,2025-02-21 03:19:38,Servis Mesin Cuci
TRX15392,UMKM422,income,755000.0,Transfer BRI,2023-09-29 11:16:31,Driver Harian
TRX7810,UMKM566,income,658000.0,Gopay,2024-12-21 17:31:35,Sweater Pria
TRX11627,UMKM712,income,22000.0,Transfer BCA,2022-03-01 01:22:16,Pupuk Organik Cair
TRX15080,UMKM490,income,2597000.0,OVO,2023-08-01 11:33:08,Sistem ERP
TRX9886,UMKM307,income,223000.0,Dana,2022-11-14 08:48:24,Sepatu Boots
TRX9716,UMKM117,income,194000.0,Dana,2022-02-15 09:37:54,Nebulizer
TRX10843,UMKM509,expense,891000.0,Transfer Mandiri,2022-10-08 20:18:49,Sepatu Formal Pria
TRX13935,UMKM590,income,231000.0,Transfer BRI,2023-06-29 03:13:20,Wedang Jahe
TRX15199,UMKM557,income,1326000.0,Gopay,2024-03-06 09:02:23,
TRX8487,UMKM009,income,348000.0,Pembayaran tunai,2023-03-10 07:17:31,Kursus Python Pemula
TRX13490,UMKM135,income,3708000.0,Pembayaran tunai,2023-08-06 23:58:10,App Pemesanan Online
TRX8259,UMKM719,expense,95000.0,,2023-11-11 07:22:46,Heels Wanita
TRX6850,UMKM553,income,129000.0,Transfer BRI,2025-09-10 09:12:46,Bibit Jagung Hibrida
TRX7403,UMKM487,expense,917000.0,,2024-06-05 15:09:23,Seminar Nasional
TRX14020,UMKM050,expense,196000.0,Transfer BNI,2024-06-10 06:34:03,Matcha Latte
TRX11688,UMKM467,income,84000.0,Pembayaran tunai,2022-10-19 01:05:48,Klepon
TRX12512,UMKM551,income,412000.0,,2025-02-07 18:38:30,Hiasan Koran Daur Ulang
TRX7313,UMKM113,income,48000.0,,2024-04-14 11:10:29,Catering Kantor
TRX14221,UMKM082,income,280000.0,Transfer BRI,2024-04-28 04:34:47,Tune Up Mobil
TRX13919,UMKM115,income,547000.0,Dana,2024-09-05 02:18:35,Study Tour
TRX13084,UMKM483,expense,80000.0,Transfer BNI,2024-01-06 04:19:36,
TRX15790,UMKM701,income,152000.0,,2023-12-06 07:56:27,Snack Box Meeting
TRX11613,UMKM262,expense,212000.0,Transfer Mandiri,2024-07-30 01:26:02,Aplikasi Inventory
TRX13028,UMKM139,expense,753000.0,Transfer Mandiri,2022-08-02 13:13:40,Sewa Truk
TRX12784,UMKM257,income,2599000.0,Gopay,2025-04-04 03:35:03,Router WiFi
TRX8193,UMKM610,expense,240000.0,Tunai,2022-04-14 22:26:32,Cangkul Baja
TRX7678,UMKM081,expense,2029000.0,Transfer Mandiri,2025-11-08 04:14:35,Desain Kemasan
TRX11403,UMKM099,income,16000.0,Dana,2023-07-04 22:57:32,Snack Box Meeting
TRX12083,UMKM097,income,179000.0,,2023-09-19 19:27:56,Pupuk NPK Mutiara
TRX6935,UMKM181,expense,956000.0,,2022-06-30 01:28:12,Desain Banner
TRX15191,UMKM239,income,280000.0,Pembayaran tunai,2024-06-12 01:12:08,Basreng Kering
TRX9261,UMKM534,expense,1835000.0,Transfer BNI,2024-10-20 13:09:58,Sensor Suhu Gudang
TRX9434,UMKM605,income,258000.0,Pembayaran tunai,2023-08-11 19:16:55,Rok Midi
TRX12221,UMKM431,expense,4576000.0,,2024-09-18 08:52:15,Aplikasi HR
TRX9190,UMKM422,income,1586000.0,Transfer BRI,2023-09-29 11:16:31,Kurir Ekspres Lokal
TRX10324,UMKM083,expense,1159000.0,Tunai,2024-06-20 09:58:57,Penulisan Artikel SEO
TRX11104,UMKM016,expense,290000.0,-,2023-07-15 03:42:17,Pupuk Kompos
TRX7753,UMKM303,expense,2078000.0,,2022-05-30 23:46:03,Editing Video
TRX15259,UMKM301,income,82000.0,Transfer BCA,2024-04-21 05:08:05,Pupuk Organik Cair
TRX14028,UMKM587,income,14000.0,,2022-05-16 01:12:01,Catering Pernikahan
TRX13248,UMKM308,income,821000.0,OVO,2022-04-12 08:47:43,Paket Wisata Bali
TRX13909,UMKM631,income,646000.0,Transfer BCA,2021-12-01 08:20:31,Polo Shirt Pria
TRX6954,UMKM105,income,274000.0,,2022-09-18 14:16:42,Brownies Kukus
TRX12099,UMKM690,income,278000.0,Transfer BCA,2022-11-29 13:38:50,Penerjemah Dokumen
TRX7915,UMKM626,income,135000.0,,2021-07-22 02:07:57,Paket Prasmanan
TRX10816,UMKM186,expense,1495000.0,Tunai,2024-06-15 19:30:48,Maintenance Jaringan
TRX13569,UMKM519,income,346000.0,OVO,2022-07-16 01:32:38,Editing Video
TRX14615,UMKM498,income,150000.0,Gopay,2024-08-12 11:14:40,Paket Nasi Box
TRX15000,UMKM146,expense,1744000.0,Transfer BNI,2021-10-30 00:11:39,
TRX12168,UMKM038,expense,429000.0,Transfer Mandiri,2023-12-28 01:43:25,Gantungan Kunci Custom
TRX15336,UMKM480,income,2952000.0,,2024-10-24 15:18:30,Event Launching Produk
TRX12501,UMKM460,expense,682000.0,Transfer BNI,2022-12-07 10:38:31,Sweater Pria
TRX9360,UMKM362,income,143000.0,Dana,2024-11-27 20:14:51,Teh Tarik
TRX12185,UMKM006,income,317000.0,Gopay,2023-11-26 08:23:03,Desain Feed Instagram
TRX10392,UMKM283,income,243000.0,Transfer BRI,2024-04-18 00:34:12,Es Krim Lokal
TRX3763,UMKM485,income,168000.0,OVO,2024-05-02 18:15:42,Smart Lock Pintu
TRX2529,UMKM329,income,186000.0,Transfer BCA,2022-10-10 11:40:07,
TRX3278,UMKM420,income,3283000.0,Pembayaran tunai,2022-10-14 10:50:51,Aplikasi Inventory
TRX4968,UMKM644,expense,143000.0,Cash,2024-04-27 10:20:14,Bolu Kukus
TRX5556,UMKM723,income,728000.0,,2024-02-10 04:22:19,Sepatu Sneakers
TRX3482,UMKM449,income,60000.0,Pembayaran tunai,2024-11-30 05:31:01,Opak Angin
TRX2467,UMKM318,income,34000.0,Pembayaran tunai,2022-11-17 13:12:19,Jam Dinding Kayu
